"Status","Year","Region_ITL1","Responsibility_level_grouped","Sex","Sexual_orientation","Headcount","FTE","Mean_salary","Median_salary"
"In post","2021","East Midlands (England)","AA/AO","Female","Heterosexual / straight","2870","2490","21140","21010"
"In post","2021","East Midlands (England)","AA/AO","Female","LGBO","165","160","23130","21140"
"In post","2021","East Midlands (England)","AA/AO","Female","Undeclared","420","355","21330","21010"
"In post","2021","East Midlands (England)","AA/AO","Female","Unknown","1025","870","21330","21010"
"In post","2021","East Midlands (England)","AA/AO","Male","Heterosexual / straight","2240","2165","23180","21550"
"In post","2021","East Midlands (England)","AA/AO","Male","LGBO","115","110","22560","21010"
"In post","2021","East Midlands (England)","AA/AO","Male","Undeclared","280","260","23000","21010"
"In post","2021","East Midlands (England)","AA/AO","Male","Unknown","890","840","22870","21010"
"In post","2021","East Midlands (England)","AA/AO","Unknown","Heterosexual / straight","[c]","[c]","[c]","[c]"
"In post","2021","East Midlands (England)","AA/AO","Unknown","LGBO","[c]","[c]","[c]","[c]"
"In post","2021","East Midlands (England)","EO","Female","Heterosexual / straight","2280","2045","26770","27570"
"In post","2021","East Midlands (England)","EO","Female","LGBO","135","130","26890","27570"
"In post","2021","East Midlands (England)","EO","Female","Undeclared","335","290","26890","27570"
"In post","2021","East Midlands (England)","EO","Female","Unknown","750","655","26870","27570"
"In post","2021","East Midlands (England)","EO","Male","Heterosexual / straight","1635","1590","27420","27570"
"In post","2021","East Midlands (England)","EO","Male","LGBO","125","120","26850","27570"
"In post","2021","East Midlands (England)","EO","Male","Undeclared","265","245","27500","27380"
"In post","2021","East Midlands (England)","EO","Male","Unknown","595","570","27260","27380"
"In post","2021","East Midlands (England)","EO","Unknown","Heterosexual / straight","[c]","[c]","[c]","[c]"
"In post","2021","East Midlands (England)","EO","Unknown","LGBO","[c]","[c]","[c]","[c]"
"In post","2021","East Midlands (England)","G6/G7","Female","Heterosexual / straight","510","480","56410","53000"
"In post","2021","East Midlands (England)","G6/G7","Female","LGBO","25","25","[c]","[c]"
"In post","2021","East Midlands (England)","G6/G7","Female","Undeclared","60","55","56220","52770"
"In post","2021","East Midlands (England)","G6/G7","Female","Unknown","115","105","56950","54000"
"In post","2021","East Midlands (England)","G6/G7","Male","Heterosexual / straight","505","490","58550","53570"
"In post","2021","East Midlands (England)","G6/G7","Male","LGBO","30","30","[c]","[c]"
"In post","2021","East Midlands (England)","G6/G7","Male","Undeclared","65","65","59710","56740"
"In post","2021","East Midlands (England)","G6/G7","Male","Unknown","110","105","57570","52770"
"In post","2021","East Midlands (England)","G6/G7","Unknown","Heterosexual / straight","[c]","[c]","[c]","[c]"
"In post","2021","East Midlands (England)","G6/G7","Unknown","LGBO","[c]","[c]","[c]","[c]"
"In post","2021","East Midlands (England)","SCS level","Female","Heterosexual / straight","35","35","87180","78900"
"In post","2021","East Midlands (England)","SCS level","Female","LGBO","[c]","[c]","[c]","[c]"
"In post","2021","East Midlands (England)","SCS level","Female","Undeclared","[c]","[c]","[c]","[c]"
"In post","2021","East Midlands (England)","SCS level","Female","Unknown","5","5","[c]","[c]"
"In post","2021","East Midlands (England)","SCS level","Male","Heterosexual / straight","35","35","91420","87770"
"In post","2021","East Midlands (England)","SCS level","Male","LGBO","[c]","[c]","[c]","[c]"
"In post","2021","East Midlands (England)","SCS level","Male","Undeclared","[c]","[c]","[c]","[c]"
"In post","2021","East Midlands (England)","SCS level","Male","Unknown","[c]","[c]","[c]","[c]"
"In post","2021","East Midlands (England)","SCS level","Unknown","Heterosexual / straight","[c]","[c]","[c]","[c]"
"In post","2021","East Midlands (England)","SCS level","Unknown","LGBO","[c]","[c]","[c]","[c]"
"In post","2021","East Midlands (England)","SEO/HEO","Female","Heterosexual / straight","1745","1620","35580","33840"
"In post","2021","East Midlands (England)","SEO/HEO","Female","LGBO","80","80","36320","33860"
"In post","2021","East Midlands (England)","SEO/HEO","Female","Undeclared","240","225","36140","34390"
"In post","2021","East Midlands (England)","SEO/HEO","Female","Unknown","440","410","34450","32100"
"In post","2021","East Midlands (England)","SEO/HEO","Male","Heterosexual / straight","1495","1455","36460","35000"
"In post","2021","East Midlands (England)","SEO/HEO","Male","LGBO","70","65","35420","32250"
"In post","2021","East Midlands (England)","SEO/HEO","Male","Undeclared","250","240","37320","35480"
"In post","2021","East Midlands (England)","SEO/HEO","Male","Unknown","420","405","35250","33000"
"In post","2021","East Midlands (England)","SEO/HEO","Unknown","Heterosexual / straight","[c]","[c]","[c]","[c]"
"In post","2021","East Midlands (England)","SEO/HEO","Unknown","LGBO","[c]","[c]","[c]","[c]"
"In post","2021","East Midlands (England)","Unknown","Female","Heterosexual / straight","630","570","29240","28200"
"In post","2021","East Midlands (England)","Unknown","Female","LGBO","30","30","30370","30880"
"In post","2021","East Midlands (England)","Unknown","Female","Undeclared","60","55","30440","31150"
"In post","2021","East Midlands (England)","Unknown","Female","Unknown","55","50","26840","24800"
"In post","2021","East Midlands (England)","Unknown","Male","Heterosexual / straight","155","150","33430","33030"
"In post","2021","East Midlands (England)","Unknown","Male","LGBO","10","10","[c]","[c]"
"In post","2021","East Midlands (England)","Unknown","Male","Undeclared","35","30","33140","32710"
"In post","2021","East Midlands (England)","Unknown","Male","Unknown","25","20","[c]","[c]"
"In post","2021","East Midlands (England)","Unknown","Unknown","Heterosexual / straight","[c]","[c]","[c]","[c]"
"In post","2021","East Midlands (England)","Unknown","Unknown","LGBO","[c]","[c]","[c]","[c]"
"In post","2021","East of England","AA/AO","Female","Heterosexual / straight","2820","2485","22220","21430"
"In post","2021","East of England","AA/AO","Female","LGBO","170","165","24270","22850"
"In post","2021","East of England","AA/AO","Female","Undeclared","385","335","22200","21430"
"In post","2021","East of England","AA/AO","Female","Unknown","790","670","22560","21430"
"In post","2021","East of England","AA/AO","Male","Heterosexual / straight","2475","2400","25040","22850"
"In post","2021","East of England","AA/AO","Male","LGBO","105","100","23940","21720"
"In post","2021","East of England","AA/AO","Male","Undeclared","300","290","25060","21580"
"In post","2021","East of England","AA/AO","Male","Unknown","780","735","25080","22980"
"In post","2021","East of England","AA/AO","Unknown","Heterosexual / straight","[c]","[c]","[c]","[c]"
"In post","2021","East of England","AA/AO","Unknown","LGBO","[c]","[c]","[c]","[c]"
"In post","2021","East of England","EO","Female","Heterosexual / straight","2855","2570","27890","27570"
"In post","2021","East of England","EO","Female","LGBO","125","115","28180","27570"
"In post","2021","East of England","EO","Female","Undeclared","345","310","28110","27570"
"In post","2021","East of England","EO","Female","Unknown","715","615","28060","27570"
"In post","2021","East of England","EO","Male","Heterosexual / straight","2135","2030","28620","27570"
"In post","2021","East of England","EO","Male","LGBO","130","125","27920","27570"
"In post","2021","East of England","EO","Male","Undeclared","355","335","28610","27570"
"In post","2021","East of England","EO","Male","Unknown","515","500","28680","27570"
"In post","2021","East of England","EO","Unknown","Heterosexual / straight","[c]","[c]","[c]","[c]"
"In post","2021","East of England","EO","Unknown","LGBO","[c]","[c]","[c]","[c]"
"In post","2021","East of England","G6/G7","Female","Heterosexual / straight","445","420","58760","55110"
"In post","2021","East of England","G6/G7","Female","LGBO","15","15","[c]","[c]"
"In post","2021","East of England","G6/G7","Female","Undeclared","55","50","55480","53500"
"In post","2021","East of England","G6/G7","Female","Unknown","140","130","57550","55120"
"In post","2021","East of England","G6/G7","Male","Heterosexual / straight","465","455","60160","57130"
"In post","2021","East of England","G6/G7","Male","LGBO","10","10","[c]","[c]"
"In post","2021","East of England","G6/G7","Male","Undeclared","60","60","61970","57820"
"In post","2021","East of England","G6/G7","Male","Unknown","145","145","56880","53860"
"In post","2021","East of England","G6/G7","Unknown","Heterosexual / straight","[c]","[c]","[c]","[c]"
"In post","2021","East of England","G6/G7","Unknown","LGBO","[c]","[c]","[c]","[c]"
"In post","2021","East of England","SCS level","Female","Heterosexual / straight","30","30","93600","91000"
"In post","2021","East of England","SCS level","Female","LGBO","[c]","[c]","[c]","[c]"
"In post","2021","East of England","SCS level","Female","Undeclared","[c]","[c]","[c]","[c]"
"In post","2021","East of England","SCS level","Female","Unknown","15","15","[c]","[c]"
"In post","2021","East of England","SCS level","Male","Heterosexual / straight","55","55","96090","96700"
"In post","2021","East of England","SCS level","Male","LGBO","[c]","[c]","[c]","[c]"
"In post","2021","East of England","SCS level","Male","Undeclared","[c]","[c]","[c]","[c]"
"In post","2021","East of England","SCS level","Male","Unknown","15","15","[c]","[c]"
"In post","2021","East of England","SCS level","Unknown","Heterosexual / straight","[c]","[c]","[c]","[c]"
"In post","2021","East of England","SCS level","Unknown","LGBO","[c]","[c]","[c]","[c]"
"In post","2021","East of England","SEO/HEO","Female","Heterosexual / straight","1725","1620","36410","35000"
"In post","2021","East of England","SEO/HEO","Female","LGBO","65","65","36210","35300"
"In post","2021","East of England","SEO/HEO","Female","Undeclared","255","235","36540","35480"
"In post","2021","East of England","SEO/HEO","Female","Unknown","405","375","35630","35120"
"In post","2021","East of England","SEO/HEO","Male","Heterosexual / straight","1810","1755","37350","36030"
"In post","2021","East of England","SEO/HEO","Male","LGBO","75","70","36110","35000"
"In post","2021","East of England","SEO/HEO","Male","Undeclared","340","330","37630","35440"
"In post","2021","East of England","SEO/HEO","Male","Unknown","410","395","36120","35000"
"In post","2021","East of England","SEO/HEO","Unknown","Heterosexual / straight","[c]","[c]","[c]","[c]"
"In post","2021","East of England","SEO/HEO","Unknown","LGBO","[c]","[c]","[c]","[c]"
"In post","2021","East of England","Unknown","Female","Heterosexual / straight","645","590","28720","28200"
"In post","2021","East of England","Unknown","Female","LGBO","35","30","27450","24020"
"In post","2021","East of England","Unknown","Female","Undeclared","55","45","29320","28200"
"In post","2021","East of England","Unknown","Female","Unknown","75","65","24510","22920"
"In post","2021","East of England","Unknown","Male","Heterosexual / straight","160","155","30230","28690"
"In post","2021","East of England","Unknown","Male","LGBO","10","10","[c]","[c]"
"In post","2021","East of England","Unknown","Male","Undeclared","30","25","[c]","[c]"
"In post","2021","East of England","Unknown","Male","Unknown","20","20","[c]","[c]"
"In post","2021","East of England","Unknown","Unknown","Heterosexual / straight","[c]","[c]","[c]","[c]"
"In post","2021","East of England","Unknown","Unknown","LGBO","[c]","[c]","[c]","[c]"
"In post","2021","London","AA/AO","Female","Heterosexual / straight","4500","4045","24760","24860"
"In post","2021","London","AA/AO","Female","LGBO","215","205","26730","25110"
"In post","2021","London","AA/AO","Female","Undeclared","695","615","24650","25080"
"In post","2021","London","AA/AO","Female","Unknown","1775","1585","24870","24120"
"In post","2021","London","AA/AO","Male","Heterosexual / straight","3460","3375","26440","25110"
"In post","2021","London","AA/AO","Male","LGBO","190","185","25680","24590"
"In post","2021","London","AA/AO","Male","Undeclared","440","420","25720","25110"
"In post","2021","London","AA/AO","Male","Unknown","1440","1385","26860","25110"
"In post","2021","London","AA/AO","Unknown","Heterosexual / straight","[c]","[c]","[c]","[c]"
"In post","2021","London","AA/AO","Unknown","LGBO","[c]","[c]","[c]","[c]"
"In post","2021","London","EO","Female","Heterosexual / straight","8525","7990","29870","30110"
"In post","2021","London","EO","Female","LGBO","440","425","29710","29570"
"In post","2021","London","EO","Female","Undeclared","1160","1060","29890","30170"
"In post","2021","London","EO","Female","Unknown","2545","2355","29950","30330"
"In post","2021","London","EO","Male","Heterosexual / straight","5720","5540","30140","30070"
"In post","2021","London","EO","Male","LGBO","455","445","29780","29970"
"In post","2021","London","EO","Male","Undeclared","850","815","30160","30340"
"In post","2021","London","EO","Male","Unknown","1605","1575","30250","30330"
"In post","2021","London","EO","Unknown","Heterosexual / straight","[c]","[c]","[c]","[c]"
"In post","2021","London","EO","Unknown","LGBO","[c]","[c]","[c]","[c]"
"In post","2021","London","G6/G7","Female","Heterosexual / straight","9520","9015","59930","57990"
"In post","2021","London","G6/G7","Female","LGBO","575","560","58930","57460"
"In post","2021","London","G6/G7","Female","Undeclared","1100","1050","60800","59160"
"In post","2021","London","G6/G7","Female","Unknown","2790","2640","59880","58030"
"In post","2021","London","G6/G7","Male","Heterosexual / straight","8560","8435","61100","59160"
"In post","2021","London","G6/G7","Male","LGBO","1075","1060","59580","57620"
"In post","2021","London","G6/G7","Male","Undeclared","1330","1300","61560","59540"
"In post","2021","London","G6/G7","Male","Unknown","2680","2640","61540","59160"
"In post","2021","London","G6/G7","Unknown","Heterosexual / straight","[c]","[c]","[c]","[c]"
"In post","2021","London","G6/G7","Unknown","LGBO","[c]","[c]","[c]","[c]"
"In post","2021","London","G6/G7","Unknown","Unknown","[c]","[c]","[c]","[c]"
"In post","2021","London","SCS level","Female","Heterosexual / straight","1555","1465","87610","79930"
"In post","2021","London","SCS level","Female","LGBO","80","80","85120","76400"
"In post","2021","London","SCS level","Female","Undeclared","125","115","86350","80570"
"In post","2021","London","SCS level","Female","Unknown","500","470","92030","81930"
"In post","2021","London","SCS level","Male","Heterosexual / straight","1565","1535","93120","83940"
"In post","2021","London","SCS level","Male","LGBO","170","165","89250","80420"
"In post","2021","London","SCS level","Male","Undeclared","185","180","90300","82370"
"In post","2021","London","SCS level","Male","Unknown","515","510","96070","85900"
"In post","2021","London","SCS level","Unknown","Heterosexual / straight","[c]","[c]","[c]","[c]"
"In post","2021","London","SCS level","Unknown","LGBO","[c]","[c]","[c]","[c]"
"In post","2021","London","SCS level","Unknown","Unknown","[c]","[c]","[c]","[c]"
"In post","2021","London","SEO/HEO","Female","Heterosexual / straight","11830","11425","38350","37560"
"In post","2021","London","SEO/HEO","Female","LGBO","775","765","37440","36600"
"In post","2021","London","SEO/HEO","Female","Undeclared","1480","1425","38430","37640"
"In post","2021","London","SEO/HEO","Female","Unknown","3875","3760","36600","36160"
"In post","2021","London","SEO/HEO","Male","Heterosexual / straight","9780","9665","39120","38540"
"In post","2021","London","SEO/HEO","Male","LGBO","1045","1035","38120","37250"
"In post","2021","London","SEO/HEO","Male","Undeclared","1530","1500","39550","39440"
"In post","2021","London","SEO/HEO","Male","Unknown","3600","3565","37500","36650"
"In post","2021","London","SEO/HEO","Unknown","Heterosexual / straight","5","5","[c]","[c]"
"In post","2021","London","SEO/HEO","Unknown","LGBO","[c]","[c]","[c]","[c]"
"In post","2021","London","SEO/HEO","Unknown","Undeclared","[c]","[c]","[c]","[c]"
"In post","2021","London","SEO/HEO","Unknown","Unknown","10","10","[c]","[c]"
"In post","2021","London","Unknown","Female","Heterosexual / straight","960","920","33570","32970"
"In post","2021","London","Unknown","Female","LGBO","45","45","32110","27730"
"In post","2021","London","Unknown","Female","Undeclared","85","80","37600","35310"
"In post","2021","London","Unknown","Female","Unknown","105","95","31070","26810"
"In post","2021","London","Unknown","Male","Heterosexual / straight","325","320","34770","33950"
"In post","2021","London","Unknown","Male","LGBO","35","35","35680","36580"
"In post","2021","London","Unknown","Male","Undeclared","45","45","35210","34100"
"In post","2021","London","Unknown","Male","Unknown","45","45","31330","27730"
"In post","2021","London","Unknown","Unknown","Heterosexual / straight","[c]","[c]","[c]","[c]"
"In post","2021","London","Unknown","Unknown","LGBO","[c]","[c]","[c]","[c]"
"In post","2021","North East (England)","AA/AO","Female","Heterosexual / straight","4910","4005","21070","21010"
"In post","2021","North East (England)","AA/AO","Female","LGBO","225","205","21800","21010"
"In post","2021","North East (England)","AA/AO","Female","Undeclared","580","460","21290","21010"
"In post","2021","North East (England)","AA/AO","Female","Unknown","2685","2105","21040","21010"
"In post","2021","North East (England)","AA/AO","Male","Heterosexual / straight","3075","2900","22080","21010"
"In post","2021","North East (England)","AA/AO","Male","LGBO","200","190","21160","21010"
"In post","2021","North East (England)","AA/AO","Male","Undeclared","375","355","22080","21010"
"In post","2021","North East (England)","AA/AO","Male","Unknown","1635","1515","22180","21010"
"In post","2021","North East (England)","AA/AO","Unknown","Heterosexual / straight","[c]","[c]","[c]","[c]"
"In post","2021","North East (England)","AA/AO","Unknown","LGBO","[c]","[c]","[c]","[c]"
"In post","2021","North East (England)","EO","Female","Heterosexual / straight","3260","2850","26800","27570"
"In post","2021","North East (England)","EO","Female","LGBO","125","120","26940","27570"
"In post","2021","North East (England)","EO","Female","Undeclared","285","250","26780","27370"
"In post","2021","North East (England)","EO","Female","Unknown","1080","950","26580","27260"
"In post","2021","North East (England)","EO","Male","Heterosexual / straight","1945","1865","26990","27380"
"In post","2021","North East (England)","EO","Male","LGBO","120","120","26710","27570"
"In post","2021","North East (England)","EO","Male","Undeclared","265","250","27100","27280"
"In post","2021","North East (England)","EO","Male","Unknown","825","780","26680","26470"
"In post","2021","North East (England)","EO","Unknown","Heterosexual / straight","[c]","[c]","[c]","[c]"
"In post","2021","North East (England)","EO","Unknown","LGBO","[c]","[c]","[c]","[c]"
"In post","2021","North East (England)","G6/G7","Female","Heterosexual / straight","725","690","54090","52580"
"In post","2021","North East (England)","G6/G7","Female","LGBO","30","30","[c]","[c]"
"In post","2021","North East (England)","G6/G7","Female","Undeclared","55","50","57570","54990"
"In post","2021","North East (England)","G6/G7","Female","Unknown","150","140","54510","52580"
"In post","2021","North East (England)","G6/G7","Male","Heterosexual / straight","720","710","55200","52580"
"In post","2021","North East (England)","G6/G7","Male","LGBO","40","40","53440","52580"
"In post","2021","North East (England)","G6/G7","Male","Undeclared","95","95","55530","52580"
"In post","2021","North East (England)","G6/G7","Male","Unknown","225","220","55610","52580"
"In post","2021","North East (England)","G6/G7","Unknown","Heterosexual / straight","[c]","[c]","[c]","[c]"
"In post","2021","North East (England)","G6/G7","Unknown","LGBO","[c]","[c]","[c]","[c]"
"In post","2021","North East (England)","SCS level","Female","Heterosexual / straight","40","40","81970","76310"
"In post","2021","North East (England)","SCS level","Female","LGBO","[c]","[c]","[c]","[c]"
"In post","2021","North East (England)","SCS level","Female","Undeclared","[c]","[c]","[c]","[c]"
"In post","2021","North East (England)","SCS level","Female","Unknown","10","10","[c]","[c]"
"In post","2021","North East (England)","SCS level","Male","Heterosexual / straight","45","45","93240","87780"
"In post","2021","North East (England)","SCS level","Male","LGBO","[c]","[c]","[c]","[c]"
"In post","2021","North East (England)","SCS level","Male","Undeclared","[c]","[c]","[c]","[c]"
"In post","2021","North East (England)","SCS level","Male","Unknown","15","15","[c]","[c]"
"In post","2021","North East (England)","SCS level","Unknown","Heterosexual / straight","[c]","[c]","[c]","[c]"
"In post","2021","North East (England)","SCS level","Unknown","LGBO","[c]","[c]","[c]","[c]"
"In post","2021","North East (England)","SEO/HEO","Female","Heterosexual / straight","2460","2275","34370","32570"
"In post","2021","North East (England)","SEO/HEO","Female","LGBO","105","100","34180","32000"
"In post","2021","North East (England)","SEO/HEO","Female","Undeclared","215","195","35100","33840"
"In post","2021","North East (England)","SEO/HEO","Female","Unknown","565","535","33800","31990"
"In post","2021","North East (England)","SEO/HEO","Male","Heterosexual / straight","1845","1790","35450","34290"
"In post","2021","North East (England)","SEO/HEO","Male","LGBO","120","120","33920","31990"
"In post","2021","North East (England)","SEO/HEO","Male","Undeclared","230","220","35980","34950"
"In post","2021","North East (England)","SEO/HEO","Male","Unknown","615","595","34930","32350"
"In post","2021","North East (England)","SEO/HEO","Unknown","Heterosexual / straight","[c]","[c]","[c]","[c]"
"In post","2021","North East (England)","SEO/HEO","Unknown","LGBO","[c]","[c]","[c]","[c]"
"In post","2021","North East (England)","Unknown","Female","Heterosexual / straight","460","425","28970","28200"
"In post","2021","North East (England)","Unknown","Female","LGBO","25","20","[c]","[c]"
"In post","2021","North East (England)","Unknown","Female","Undeclared","35","30","32100","34340"
"In post","2021","North East (England)","Unknown","Female","Unknown","25","25","[c]","[c]"
"In post","2021","North East (England)","Unknown","Male","Heterosexual / straight","145","140","30120","30210"
"In post","2021","North East (England)","Unknown","Male","LGBO","5","5","[c]","[c]"
"In post","2021","North East (England)","Unknown","Male","Undeclared","15","15","[c]","[c]"
"In post","2021","North East (England)","Unknown","Male","Unknown","[c]","[c]","[c]","[c]"
"In post","2021","North East (England)","Unknown","Unknown","Heterosexual / straight","[c]","[c]","[c]","[c]"
"In post","2021","North East (England)","Unknown","Unknown","LGBO","[c]","[c]","[c]","[c]"
"In post","2021","North West (England)","AA/AO","Female","Heterosexual / straight","7570","6465","21050","21010"
"In post","2021","North West (England)","AA/AO","Female","LGBO","405","380","22130","21010"
"In post","2021","North West (England)","AA/AO","Female","Undeclared","915","765","21150","21010"
"In post","2021","North West (England)","AA/AO","Female","Unknown","3545","2940","21130","21010"
"In post","2021","North West (England)","AA/AO","Male","Heterosexual / straight","5120","4890","22080","21010"
"In post","2021","North West (England)","AA/AO","Male","LGBO","350","340","21080","21010"
"In post","2021","North West (England)","AA/AO","Male","Undeclared","660","620","22060","21010"
"In post","2021","North West (England)","AA/AO","Male","Unknown","2545","2395","22410","21010"
"In post","2021","North West (England)","AA/AO","Unknown","Heterosexual / straight","[c]","[c]","[c]","[c]"
"In post","2021","North West (England)","AA/AO","Unknown","LGBO","[c]","[c]","[c]","[c]"
"In post","2021","North West (England)","EO","Female","Heterosexual / straight","7440","6665","26730","27570"
"In post","2021","North West (England)","EO","Female","LGBO","330","315","27020","27570"
"In post","2021","North West (England)","EO","Female","Undeclared","835","735","26890","27570"
"In post","2021","North West (England)","EO","Female","Unknown","2255","1970","26870","27570"
"In post","2021","North West (England)","EO","Male","Heterosexual / straight","4765","4620","27050","27570"
"In post","2021","North West (England)","EO","Male","LGBO","410","405","26740","27570"
"In post","2021","North West (England)","EO","Male","Undeclared","635","600","27300","27380"
"In post","2021","North West (England)","EO","Male","Unknown","1705","1635","27110","27570"
"In post","2021","North West (England)","EO","Unknown","Heterosexual / straight","[c]","[c]","[c]","[c]"
"In post","2021","North West (England)","EO","Unknown","LGBO","[c]","[c]","[c]","[c]"
"In post","2021","North West (England)","G6/G7","Female","Heterosexual / straight","1700","1620","55500","52580"
"In post","2021","North West (England)","G6/G7","Female","LGBO","70","70","56470","54540"
"In post","2021","North West (England)","G6/G7","Female","Undeclared","130","125","56580","53150"
"In post","2021","North West (England)","G6/G7","Female","Unknown","385","365","54940","52580"
"In post","2021","North West (England)","G6/G7","Male","Heterosexual / straight","1530","1500","57280","53430"
"In post","2021","North West (England)","G6/G7","Male","LGBO","100","100","56890","53430"
"In post","2021","North West (England)","G6/G7","Male","Undeclared","205","200","56930","53630"
"In post","2021","North West (England)","G6/G7","Male","Unknown","440","430","56960","53350"
"In post","2021","North West (England)","G6/G7","Unknown","Heterosexual / straight","[c]","[c]","[c]","[c]"
"In post","2021","North West (England)","G6/G7","Unknown","LGBO","[c]","[c]","[c]","[c]"
"In post","2021","North West (England)","SCS level","Female","Heterosexual / straight","90","85","86710","81330"
"In post","2021","North West (England)","SCS level","Female","LGBO","[c]","[c]","[c]","[c]"
"In post","2021","North West (England)","SCS level","Female","Undeclared","10","10","[c]","[c]"
"In post","2021","North West (England)","SCS level","Female","Unknown","30","30","76830","74500"
"In post","2021","North West (England)","SCS level","Male","Heterosexual / straight","100","100","91180","88430"
"In post","2021","North West (England)","SCS level","Male","LGBO","5","5","[c]","[c]"
"In post","2021","North West (England)","SCS level","Male","Undeclared","5","5","[c]","[c]"
"In post","2021","North West (England)","SCS level","Male","Unknown","35","35","84880","74000"
"In post","2021","North West (England)","SCS level","Unknown","Heterosexual / straight","[c]","[c]","[c]","[c]"
"In post","2021","North West (England)","SCS level","Unknown","LGBO","[c]","[c]","[c]","[c]"
"In post","2021","North West (England)","SEO/HEO","Female","Heterosexual / straight","5070","4755","34980","33300"
"In post","2021","North West (England)","SEO/HEO","Female","LGBO","200","200","34970","32770"
"In post","2021","North West (England)","SEO/HEO","Female","Undeclared","535","495","35170","33840"
"In post","2021","North West (England)","SEO/HEO","Female","Unknown","1140","1075","33970","31990"
"In post","2021","North West (England)","SEO/HEO","Male","Heterosexual / straight","4000","3890","35750","34290"
"In post","2021","North West (England)","SEO/HEO","Male","LGBO","290","285","34830","33510"
"In post","2021","North West (England)","SEO/HEO","Male","Undeclared","525","510","36340","35000"
"In post","2021","North West (England)","SEO/HEO","Male","Unknown","1210","1180","34780","32900"
"In post","2021","North West (England)","SEO/HEO","Unknown","Heterosexual / straight","[c]","[c]","[c]","[c]"
"In post","2021","North West (England)","SEO/HEO","Unknown","LGBO","[c]","[c]","[c]","[c]"
"In post","2021","North West (England)","Unknown","Female","Heterosexual / straight","1180","1090","29600","30210"
"In post","2021","North West (England)","Unknown","Female","LGBO","80","75","29190","28200"
"In post","2021","North West (England)","Unknown","Female","Undeclared","85","80","31920","31360"
"In post","2021","North West (England)","Unknown","Female","Unknown","115","100","27710","23840"
"In post","2021","North West (England)","Unknown","Male","Heterosexual / straight","405","395","33920","32710"
"In post","2021","North West (England)","Unknown","Male","LGBO","40","35","30950","32050"
"In post","2021","North West (England)","Unknown","Male","Undeclared","65","60","33920","34950"
"In post","2021","North West (England)","Unknown","Male","Unknown","55","50","29710","28200"
"In post","2021","North West (England)","Unknown","Unknown","Heterosexual / straight","[c]","[c]","[c]","[c]"
"In post","2021","North West (England)","Unknown","Unknown","LGBO","[c]","[c]","[c]","[c]"
"In post","2021","Northern Ireland","AA/AO","Female","Heterosexual / straight","435","375","21040","21430"
"In post","2021","Northern Ireland","AA/AO","Female","LGBO","20","15","[c]","[c]"
"In post","2021","Northern Ireland","AA/AO","Female","Undeclared","35","35","21740","21430"
"In post","2021","Northern Ireland","AA/AO","Female","Unknown","210","180","20580","20140"
"In post","2021","Northern Ireland","AA/AO","Male","Heterosexual / straight","670","650","20720","20310"
"In post","2021","Northern Ireland","AA/AO","Male","LGBO","25","25","[c]","[c]"
"In post","2021","Northern Ireland","AA/AO","Male","Undeclared","60","55","21090","20310"
"In post","2021","Northern Ireland","AA/AO","Male","Unknown","230","220","20420","20140"
"In post","2021","Northern Ireland","AA/AO","Unknown","Heterosexual / straight","[c]","[c]","[c]","[c]"
"In post","2021","Northern Ireland","AA/AO","Unknown","LGBO","[c]","[c]","[c]","[c]"
"In post","2021","Northern Ireland","EO","Female","Heterosexual / straight","355","325","26700","25560"
"In post","2021","Northern Ireland","EO","Female","LGBO","20","15","[c]","[c]"
"In post","2021","Northern Ireland","EO","Female","Undeclared","25","20","[c]","[c]"
"In post","2021","Northern Ireland","EO","Female","Unknown","100","95","26390","25560"
"In post","2021","Northern Ireland","EO","Male","Heterosexual / straight","310","300","26770","25560"
"In post","2021","Northern Ireland","EO","Male","LGBO","15","15","[c]","[c]"
"In post","2021","Northern Ireland","EO","Male","Undeclared","35","35","26400","25560"
"In post","2021","Northern Ireland","EO","Male","Unknown","120","120","25950","25560"
"In post","2021","Northern Ireland","EO","Unknown","Heterosexual / straight","[c]","[c]","[c]","[c]"
"In post","2021","Northern Ireland","EO","Unknown","LGBO","[c]","[c]","[c]","[c]"
"In post","2021","Northern Ireland","G6/G7","Female","Heterosexual / straight","85","80","57040","52580"
"In post","2021","Northern Ireland","G6/G7","Female","LGBO","[c]","[c]","[c]","[c]"
"In post","2021","Northern Ireland","G6/G7","Female","Undeclared","5","5","[c]","[c]"
"In post","2021","Northern Ireland","G6/G7","Female","Unknown","20","20","[c]","[c]"
"In post","2021","Northern Ireland","G6/G7","Male","Heterosexual / straight","100","100","55710","52580"
"In post","2021","Northern Ireland","G6/G7","Male","LGBO","[c]","[c]","[c]","[c]"
"In post","2021","Northern Ireland","G6/G7","Male","Undeclared","5","5","[c]","[c]"
"In post","2021","Northern Ireland","G6/G7","Male","Unknown","15","15","[c]","[c]"
"In post","2021","Northern Ireland","G6/G7","Unknown","Heterosexual / straight","[c]","[c]","[c]","[c]"
"In post","2021","Northern Ireland","G6/G7","Unknown","LGBO","[c]","[c]","[c]","[c]"
"In post","2021","Northern Ireland","SCS level","Female","Heterosexual / straight","[c]","[c]","[c]","[c]"
"In post","2021","Northern Ireland","SCS level","Female","LGBO","[c]","[c]","[c]","[c]"
"In post","2021","Northern Ireland","SCS level","Female","Undeclared","[c]","[c]","[c]","[c]"
"In post","2021","Northern Ireland","SCS level","Female","Unknown","[c]","[c]","[c]","[c]"
"In post","2021","Northern Ireland","SCS level","Male","Heterosexual / straight","[c]","[c]","[c]","[c]"
"In post","2021","Northern Ireland","SCS level","Male","LGBO","[c]","[c]","[c]","[c]"
"In post","2021","Northern Ireland","SCS level","Male","Undeclared","[c]","[c]","[c]","[c]"
"In post","2021","Northern Ireland","SCS level","Male","Unknown","[c]","[c]","[c]","[c]"
"In post","2021","Northern Ireland","SCS level","Unknown","Heterosexual / straight","[c]","[c]","[c]","[c]"
"In post","2021","Northern Ireland","SCS level","Unknown","LGBO","[c]","[c]","[c]","[c]"
"In post","2021","Northern Ireland","SEO/HEO","Female","Heterosexual / straight","345","325","34770","32100"
"In post","2021","Northern Ireland","SEO/HEO","Female","LGBO","10","10","[c]","[c]"
"In post","2021","Northern Ireland","SEO/HEO","Female","Undeclared","20","20","[c]","[c]"
"In post","2021","Northern Ireland","SEO/HEO","Female","Unknown","65","60","33880","31810"
"In post","2021","Northern Ireland","SEO/HEO","Male","Heterosexual / straight","320","310","35310","32460"
"In post","2021","Northern Ireland","SEO/HEO","Male","LGBO","5","5","[c]","[c]"
"In post","2021","Northern Ireland","SEO/HEO","Male","Undeclared","40","35","34440","32370"
"In post","2021","Northern Ireland","SEO/HEO","Male","Unknown","100","95","34420","31810"
"In post","2021","Northern Ireland","SEO/HEO","Unknown","Heterosexual / straight","[c]","[c]","[c]","[c]"
"In post","2021","Northern Ireland","SEO/HEO","Unknown","LGBO","[c]","[c]","[c]","[c]"
"In post","2021","Northern Ireland","Unknown","Female","Heterosexual / straight","[c]","[c]","[c]","[c]"
"In post","2021","Northern Ireland","Unknown","Female","LGBO","[c]","[c]","[c]","[c]"
"In post","2021","Northern Ireland","Unknown","Female","Undeclared","[c]","[c]","[c]","[c]"
"In post","2021","Northern Ireland","Unknown","Female","Unknown","[c]","[c]","[c]","[c]"
"In post","2021","Northern Ireland","Unknown","Male","Heterosexual / straight","[c]","[c]","[c]","[c]"
"In post","2021","Northern Ireland","Unknown","Male","LGBO","[c]","[c]","[c]","[c]"
"In post","2021","Northern Ireland","Unknown","Male","Undeclared","[c]","[c]","[c]","[c]"
"In post","2021","Northern Ireland","Unknown","Male","Unknown","[c]","[c]","[c]","[c]"
"In post","2021","Northern Ireland","Unknown","Unknown","Heterosexual / straight","[c]","[c]","[c]","[c]"
"In post","2021","Northern Ireland","Unknown","Unknown","LGBO","[c]","[c]","[c]","[c]"
"In post","2021","Overseas","AA/AO","Female","Heterosexual / straight","20","20","[c]","[c]"
"In post","2021","Overseas","AA/AO","Female","LGBO","[c]","[c]","[c]","[c]"
"In post","2021","Overseas","AA/AO","Female","Undeclared","[c]","[c]","[c]","[c]"
"In post","2021","Overseas","AA/AO","Female","Unknown","[c]","[c]","[c]","[c]"
"In post","2021","Overseas","AA/AO","Male","Heterosexual / straight","25","25","[c]","[c]"
"In post","2021","Overseas","AA/AO","Male","LGBO","[c]","[c]","[c]","[c]"
"In post","2021","Overseas","AA/AO","Male","Undeclared","[c]","[c]","[c]","[c]"
"In post","2021","Overseas","AA/AO","Male","Unknown","[c]","[c]","[c]","[c]"
"In post","2021","Overseas","AA/AO","Unknown","Heterosexual / straight","[c]","[c]","[c]","[c]"
"In post","2021","Overseas","AA/AO","Unknown","LGBO","[c]","[c]","[c]","[c]"
"In post","2021","Overseas","EO","Female","Heterosexual / straight","90","85","27850","26920"
"In post","2021","Overseas","EO","Female","LGBO","5","5","[c]","[c]"
"In post","2021","Overseas","EO","Female","Undeclared","20","20","[c]","[c]"
"In post","2021","Overseas","EO","Female","Unknown","10","10","[c]","[c]"
"In post","2021","Overseas","EO","Male","Heterosexual / straight","110","110","27870","27280"
"In post","2021","Overseas","EO","Male","LGBO","[c]","[c]","[c]","[c]"
"In post","2021","Overseas","EO","Male","Undeclared","20","20","[c]","[c]"
"In post","2021","Overseas","EO","Male","Unknown","15","15","[c]","[c]"
"In post","2021","Overseas","EO","Unknown","Heterosexual / straight","[c]","[c]","[c]","[c]"
"In post","2021","Overseas","EO","Unknown","LGBO","[c]","[c]","[c]","[c]"
"In post","2021","Overseas","G6/G7","Female","Heterosexual / straight","355","350","59810","58030"
"In post","2021","Overseas","G6/G7","Female","LGBO","20","20","[c]","[c]"
"In post","2021","Overseas","G6/G7","Female","Undeclared","45","45","59740","56660"
"In post","2021","Overseas","G6/G7","Female","Unknown","130","130","58920","57740"
"In post","2021","Overseas","G6/G7","Male","Heterosexual / straight","500","495","60430","58030"
"In post","2021","Overseas","G6/G7","Male","LGBO","55","55","58600","56590"
"In post","2021","Overseas","G6/G7","Male","Undeclared","70","70","61950","59910"
"In post","2021","Overseas","G6/G7","Male","Unknown","160","160","59420","56750"
"In post","2021","Overseas","G6/G7","Unknown","Heterosexual / straight","[c]","[c]","[c]","[c]"
"In post","2021","Overseas","G6/G7","Unknown","LGBO","[c]","[c]","[c]","[c]"
"In post","2021","Overseas","SCS level","Female","Heterosexual / straight","85","85","85030","75630"
"In post","2021","Overseas","SCS level","Female","LGBO","[c]","[c]","[c]","[c]"
"In post","2021","Overseas","SCS level","Female","Undeclared","5","5","[c]","[c]"
"In post","2021","Overseas","SCS level","Female","Unknown","20","20","[c]","[c]"
"In post","2021","Overseas","SCS level","Male","Heterosexual / straight","125","125","86800","78410"
"In post","2021","Overseas","SCS level","Male","LGBO","15","15","[c]","[c]"
"In post","2021","Overseas","SCS level","Male","Undeclared","20","20","[c]","[c]"
"In post","2021","Overseas","SCS level","Male","Unknown","15","15","[c]","[c]"
"In post","2021","Overseas","SCS level","Unknown","Heterosexual / straight","[c]","[c]","[c]","[c]"
"In post","2021","Overseas","SCS level","Unknown","LGBO","[c]","[c]","[c]","[c]"
"In post","2021","Overseas","SEO/HEO","Female","Heterosexual / straight","325","325","37060","34260"
"In post","2021","Overseas","SEO/HEO","Female","LGBO","20","20","[c]","[c]"
"In post","2021","Overseas","SEO/HEO","Female","Undeclared","50","50","37450","35850"
"In post","2021","Overseas","SEO/HEO","Female","Unknown","185","185","42350","41600"
"In post","2021","Overseas","SEO/HEO","Male","Heterosexual / straight","675","675","40630","34770"
"In post","2021","Overseas","SEO/HEO","Male","LGBO","35","35","36600","34770"
"In post","2021","Overseas","SEO/HEO","Male","Undeclared","95","95","37570","34770"
"In post","2021","Overseas","SEO/HEO","Male","Unknown","160","160","43430","41600"
"In post","2021","Overseas","SEO/HEO","Unknown","Heterosexual / straight","[c]","[c]","[c]","[c]"
"In post","2021","Overseas","SEO/HEO","Unknown","LGBO","[c]","[c]","[c]","[c]"
"In post","2021","Overseas","Unknown","Female","Heterosexual / straight","75","75","[c]","[c]"
"In post","2021","Overseas","Unknown","Female","LGBO","[c]","[c]","[c]","[c]"
"In post","2021","Overseas","Unknown","Female","Undeclared","15","15","[c]","[c]"
"In post","2021","Overseas","Unknown","Female","Unknown","10","10","[c]","[c]"
"In post","2021","Overseas","Unknown","Male","Heterosexual / straight","115","115","[c]","[c]"
"In post","2021","Overseas","Unknown","Male","LGBO","5","5","[c]","[c]"
"In post","2021","Overseas","Unknown","Male","Undeclared","25","25","[c]","[c]"
"In post","2021","Overseas","Unknown","Male","Unknown","5","5","[c]","[c]"
"In post","2021","Overseas","Unknown","Unknown","Heterosexual / straight","[c]","[c]","[c]","[c]"
"In post","2021","Overseas","Unknown","Unknown","LGBO","[c]","[c]","[c]","[c]"
"In post","2021","Scotland","AA/AO","Female","Heterosexual / straight","4975","4285","21440","21010"
"In post","2021","Scotland","AA/AO","Female","LGBO","235","225","21610","21010"
"In post","2021","Scotland","AA/AO","Female","Undeclared","1190","1010","21590","21130"
"In post","2021","Scotland","AA/AO","Female","Unknown","3050","2620","21580","21010"
"In post","2021","Scotland","AA/AO","Male","Heterosexual / straight","3635","3490","22970","21010"
"In post","2021","Scotland","AA/AO","Male","LGBO","275","265","21540","21010"
"In post","2021","Scotland","AA/AO","Male","Undeclared","710","675","22960","21010"
"In post","2021","Scotland","AA/AO","Male","Unknown","2775","2680","22860","21010"
"In post","2021","Scotland","AA/AO","Unknown","Heterosexual / straight","[c]","[c]","[c]","[c]"
"In post","2021","Scotland","AA/AO","Unknown","LGBO","[c]","[c]","[c]","[c]"
"In post","2021","Scotland","EO","Female","Heterosexual / straight","4565","4115","27410","27570"
"In post","2021","Scotland","EO","Female","LGBO","210","205","27680","27570"
"In post","2021","Scotland","EO","Female","Undeclared","765","675","27860","27570"
"In post","2021","Scotland","EO","Female","Unknown","1820","1625","28270","27570"
"In post","2021","Scotland","EO","Male","Heterosexual / straight","3425","3290","28480","27570"
"In post","2021","Scotland","EO","Male","LGBO","235","230","27630","27570"
"In post","2021","Scotland","EO","Male","Undeclared","525","505","28270","27570"
"In post","2021","Scotland","EO","Male","Unknown","2010","1905","29990","30080"
"In post","2021","Scotland","EO","Unknown","Heterosexual / straight","[c]","[c]","[c]","[c]"
"In post","2021","Scotland","EO","Unknown","LGBO","[c]","[c]","[c]","[c]"
"In post","2021","Scotland","G6/G7","Female","Heterosexual / straight","1685","1590","60620","61010"
"In post","2021","Scotland","G6/G7","Female","LGBO","75","70","59580","56480"
"In post","2021","Scotland","G6/G7","Female","Undeclared","155","145","61100","61010"
"In post","2021","Scotland","G6/G7","Female","Unknown","535","505","59810","61010"
"In post","2021","Scotland","G6/G7","Male","Heterosexual / straight","1410","1385","61310","61010"
"In post","2021","Scotland","G6/G7","Male","LGBO","100","100","61060","61010"
"In post","2021","Scotland","G6/G7","Male","Undeclared","165","160","62850","61010"
"In post","2021","Scotland","G6/G7","Male","Unknown","525","510","60910","61010"
"In post","2021","Scotland","G6/G7","Unknown","Heterosexual / straight","[c]","[c]","[c]","[c]"
"In post","2021","Scotland","G6/G7","Unknown","LGBO","[c]","[c]","[c]","[c]"
"In post","2021","Scotland","SCS level","Female","Heterosexual / straight","100","95","88420","83230"
"In post","2021","Scotland","SCS level","Female","LGBO","[c]","[c]","[c]","[c]"
"In post","2021","Scotland","SCS level","Female","Undeclared","5","5","[c]","[c]"
"In post","2021","Scotland","SCS level","Female","Unknown","40","40","88610","83230"
"In post","2021","Scotland","SCS level","Male","Heterosexual / straight","110","110","88680","83230"
"In post","2021","Scotland","SCS level","Male","LGBO","5","5","[c]","[c]"
"In post","2021","Scotland","SCS level","Male","Undeclared","5","5","[c]","[c]"
"In post","2021","Scotland","SCS level","Male","Unknown","55","55","85270","83230"
"In post","2021","Scotland","SCS level","Unknown","Heterosexual / straight","[c]","[c]","[c]","[c]"
"In post","2021","Scotland","SCS level","Unknown","LGBO","[c]","[c]","[c]","[c]"
"In post","2021","Scotland","SEO/HEO","Female","Heterosexual / straight","4155","3915","37280","35110"
"In post","2021","Scotland","SEO/HEO","Female","LGBO","240","230","36020","33780"
"In post","2021","Scotland","SEO/HEO","Female","Undeclared","515","480","37290","35230"
"In post","2021","Scotland","SEO/HEO","Female","Unknown","1290","1200","37250","35110"
"In post","2021","Scotland","SEO/HEO","Male","Heterosexual / straight","3625","3515","38700","37370"
"In post","2021","Scotland","SEO/HEO","Male","LGBO","255","250","36700","33930"
"In post","2021","Scotland","SEO/HEO","Male","Undeclared","485","470","38700","36180"
"In post","2021","Scotland","SEO/HEO","Male","Unknown","1540","1460","38740","38450"
"In post","2021","Scotland","SEO/HEO","Unknown","Heterosexual / straight","[c]","[c]","[c]","[c]"
"In post","2021","Scotland","SEO/HEO","Unknown","LGBO","[c]","[c]","[c]","[c]"
"In post","2021","Scotland","Unknown","Female","Heterosexual / straight","30","30","34200","29750"
"In post","2021","Scotland","Unknown","Female","LGBO","[c]","[c]","[c]","[c]"
"In post","2021","Scotland","Unknown","Female","Undeclared","10","10","[c]","[c]"
"In post","2021","Scotland","Unknown","Female","Unknown","[c]","[c]","[c]","[c]"
"In post","2021","Scotland","Unknown","Male","Heterosexual / straight","60","60","43330","44960"
"In post","2021","Scotland","Unknown","Male","LGBO","[c]","[c]","[c]","[c]"
"In post","2021","Scotland","Unknown","Male","Undeclared","10","10","[c]","[c]"
"In post","2021","Scotland","Unknown","Male","Unknown","5","5","[c]","[c]"
"In post","2021","Scotland","Unknown","Unknown","Heterosexual / straight","[c]","[c]","[c]","[c]"
"In post","2021","Scotland","Unknown","Unknown","LGBO","[c]","[c]","[c]","[c]"
"In post","2021","South East (England)","AA/AO","Female","Heterosexual / straight","4765","4145","22400","21180"
"In post","2021","South East (England)","AA/AO","Female","LGBO","335","320","25050","23500"
"In post","2021","South East (England)","AA/AO","Female","Undeclared","635","555","22850","21440"
"In post","2021","South East (England)","AA/AO","Female","Unknown","1385","1165","22880","21440"
"In post","2021","South East (England)","AA/AO","Male","Heterosexual / straight","4625","4410","25350","23000"
"In post","2021","South East (England)","AA/AO","Male","LGBO","255","245","24530","21640"
"In post","2021","South East (England)","AA/AO","Male","Undeclared","590","560","25840","21710"
"In post","2021","South East (England)","AA/AO","Male","Unknown","1575","1480","25970","24540"
"In post","2021","South East (England)","AA/AO","Unknown","Heterosexual / straight","[c]","[c]","[c]","[c]"
"In post","2021","South East (England)","AA/AO","Unknown","LGBO","[c]","[c]","[c]","[c]"
"In post","2021","South East (England)","EO","Female","Heterosexual / straight","4870","4410","27610","27570"
"In post","2021","South East (England)","EO","Female","LGBO","280","270","28120","27570"
"In post","2021","South East (England)","EO","Female","Undeclared","690","605","27860","27570"
"In post","2021","South East (England)","EO","Female","Unknown","1045","915","28100","27570"
"In post","2021","South East (England)","EO","Male","Heterosexual / straight","4080","3910","28410","27570"
"In post","2021","South East (England)","EO","Male","LGBO","270","265","28400","27570"
"In post","2021","South East (England)","EO","Male","Undeclared","685","640","28730","27370"
"In post","2021","South East (England)","EO","Male","Unknown","815","785","28990","27570"
"In post","2021","South East (England)","EO","Unknown","Heterosexual / straight","[c]","[c]","[c]","[c]"
"In post","2021","South East (England)","EO","Unknown","LGBO","[c]","[c]","[c]","[c]"
"In post","2021","South East (England)","G6/G7","Female","Heterosexual / straight","990","925","56730","54540"
"In post","2021","South East (England)","G6/G7","Female","LGBO","30","25","[c]","[c]"
"In post","2021","South East (England)","G6/G7","Female","Undeclared","105","100","57990","54540"
"In post","2021","South East (England)","G6/G7","Female","Unknown","250","230","57480","54830"
"In post","2021","South East (England)","G6/G7","Male","Heterosexual / straight","1355","1315","57320","54950"
"In post","2021","South East (England)","G6/G7","Male","LGBO","50","50","60010","56350"
"In post","2021","South East (England)","G6/G7","Male","Undeclared","210","205","57480","54540"
"In post","2021","South East (England)","G6/G7","Male","Unknown","380","370","57080","54970"
"In post","2021","South East (England)","G6/G7","Unknown","Heterosexual / straight","[c]","[c]","[c]","[c]"
"In post","2021","South East (England)","G6/G7","Unknown","LGBO","[c]","[c]","[c]","[c]"
"In post","2021","South East (England)","SCS level","Female","Heterosexual / straight","65","60","91550","88220"
"In post","2021","South East (England)","SCS level","Female","LGBO","[c]","[c]","[c]","[c]"
"In post","2021","South East (England)","SCS level","Female","Undeclared","10","10","[c]","[c]"
"In post","2021","South East (England)","SCS level","Female","Unknown","20","20","[c]","[c]"
"In post","2021","South East (England)","SCS level","Male","Heterosexual / straight","65","65","94460","92700"
"In post","2021","South East (England)","SCS level","Male","LGBO","5","5","[c]","[c]"
"In post","2021","South East (England)","SCS level","Male","Undeclared","[c]","[c]","[c]","[c]"
"In post","2021","South East (England)","SCS level","Male","Unknown","20","20","[c]","[c]"
"In post","2021","South East (England)","SCS level","Unknown","Heterosexual / straight","[c]","[c]","[c]","[c]"
"In post","2021","South East (England)","SCS level","Unknown","LGBO","[c]","[c]","[c]","[c]"
"In post","2021","South East (England)","SEO/HEO","Female","Heterosexual / straight","3455","3255","35940","34980"
"In post","2021","South East (England)","SEO/HEO","Female","LGBO","180","175","35610","34270"
"In post","2021","South East (England)","SEO/HEO","Female","Undeclared","500","465","36700","35000"
"In post","2021","South East (England)","SEO/HEO","Female","Unknown","600","555","35790","35300"
"In post","2021","South East (England)","SEO/HEO","Male","Heterosexual / straight","3535","3445","37410","36460"
"In post","2021","South East (England)","SEO/HEO","Male","LGBO","145","140","35230","34000"
"In post","2021","South East (England)","SEO/HEO","Male","Undeclared","655","630","37560","36000"
"In post","2021","South East (England)","SEO/HEO","Male","Unknown","715","690","37120","37120"
"In post","2021","South East (England)","SEO/HEO","Unknown","Heterosexual / straight","[c]","[c]","[c]","[c]"
"In post","2021","South East (England)","SEO/HEO","Unknown","LGBO","[c]","[c]","[c]","[c]"
"In post","2021","South East (England)","SEO/HEO","Unknown","Unknown","[c]","[c]","[c]","[c]"
"In post","2021","South East (England)","Unknown","Female","Heterosexual / straight","850","765","30060","30210"
"In post","2021","South East (England)","Unknown","Female","LGBO","60","55","26290","24020"
"In post","2021","South East (England)","Unknown","Female","Undeclared","90","80","31760","31980"
"In post","2021","South East (England)","Unknown","Female","Unknown","95","85","27300","24020"
"In post","2021","South East (England)","Unknown","Male","Heterosexual / straight","290","280","32880","32100"
"In post","2021","South East (England)","Unknown","Male","LGBO","30","30","28710","24870"
"In post","2021","South East (England)","Unknown","Male","Undeclared","50","50","35050","33670"
"In post","2021","South East (England)","Unknown","Male","Unknown","55","50","30690","24410"
"In post","2021","South East (England)","Unknown","Unknown","Heterosexual / straight","[c]","[c]","[c]","[c]"
"In post","2021","South East (England)","Unknown","Unknown","LGBO","[c]","[c]","[c]","[c]"
"In post","2021","South West (England)","AA/AO","Female","Heterosexual / straight","3335","2920","21240","21010"
"In post","2021","South West (England)","AA/AO","Female","LGBO","200","190","22840","21050"
"In post","2021","South West (England)","AA/AO","Female","Undeclared","440","380","21490","21010"
"In post","2021","South West (England)","AA/AO","Female","Unknown","1095","935","21460","21010"
"In post","2021","South West (England)","AA/AO","Male","Heterosexual / straight","2855","2765","23020","21010"
"In post","2021","South West (England)","AA/AO","Male","LGBO","165","160","22600","21010"
"In post","2021","South West (England)","AA/AO","Male","Undeclared","395","380","23970","21010"
"In post","2021","South West (England)","AA/AO","Male","Unknown","910","865","23030","21110"
"In post","2021","South West (England)","AA/AO","Unknown","Heterosexual / straight","[c]","[c]","[c]","[c]"
"In post","2021","South West (England)","AA/AO","Unknown","LGBO","[c]","[c]","[c]","[c]"
"In post","2021","South West (England)","EO","Female","Heterosexual / straight","3970","3540","26240","27130"
"In post","2021","South West (England)","EO","Female","LGBO","210","205","26080","26780"
"In post","2021","South West (England)","EO","Female","Undeclared","485","425","26660","27130"
"In post","2021","South West (England)","EO","Female","Unknown","1015","860","26680","27570"
"In post","2021","South West (England)","EO","Male","Heterosexual / straight","3285","3200","26550","26780"
"In post","2021","South West (England)","EO","Male","LGBO","205","195","26520","27570"
"In post","2021","South West (England)","EO","Male","Undeclared","490","465","27450","27380"
"In post","2021","South West (England)","EO","Male","Unknown","920","880","26490","27130"
"In post","2021","South West (England)","EO","Unknown","Heterosexual / straight","[c]","[c]","[c]","[c]"
"In post","2021","South West (England)","EO","Unknown","LGBO","[c]","[c]","[c]","[c]"
"In post","2021","South West (England)","G6/G7","Female","Heterosexual / straight","1615","1525","55390","54350"
"In post","2021","South West (England)","G6/G7","Female","LGBO","50","50","53760","52510"
"In post","2021","South West (England)","G6/G7","Female","Undeclared","225","210","56130","54540"
"In post","2021","South West (England)","G6/G7","Female","Unknown","435","395","54540","51140"
"In post","2021","South West (England)","G6/G7","Male","Heterosexual / straight","2545","2485","57050","55190"
"In post","2021","South West (England)","G6/G7","Male","LGBO","85","85","55750","54450"
"In post","2021","South West (England)","G6/G7","Male","Undeclared","415","400","57170","55500"
"In post","2021","South West (England)","G6/G7","Male","Unknown","820","790","54820","52580"
"In post","2021","South West (England)","G6/G7","Unknown","Heterosexual / straight","[c]","[c]","[c]","[c]"
"In post","2021","South West (England)","G6/G7","Unknown","LGBO","[c]","[c]","[c]","[c]"
"In post","2021","South West (England)","SCS level","Female","Heterosexual / straight","90","85","91800","90970"
"In post","2021","South West (England)","SCS level","Female","LGBO","[c]","[c]","[c]","[c]"
"In post","2021","South West (England)","SCS level","Female","Undeclared","10","10","[c]","[c]"
"In post","2021","South West (England)","SCS level","Female","Unknown","25","25","[c]","[c]"
"In post","2021","South West (England)","SCS level","Male","Heterosexual / straight","150","145","97280","90400"
"In post","2021","South West (England)","SCS level","Male","LGBO","[c]","[c]","[c]","[c]"
"In post","2021","South West (England)","SCS level","Male","Undeclared","15","15","[c]","[c]"
"In post","2021","South West (England)","SCS level","Male","Unknown","45","45","101530","95000"
"In post","2021","South West (England)","SCS level","Unknown","Heterosexual / straight","[c]","[c]","[c]","[c]"
"In post","2021","South West (England)","SCS level","Unknown","LGBO","[c]","[c]","[c]","[c]"
"In post","2021","South West (England)","SEO/HEO","Female","Heterosexual / straight","4980","4630","35270","33840"
"In post","2021","South West (England)","SEO/HEO","Female","LGBO","225","220","34400","33630"
"In post","2021","South West (England)","SEO/HEO","Female","Undeclared","730","670","35970","34570"
"In post","2021","South West (England)","SEO/HEO","Female","Unknown","1085","990","35850","35600"
"In post","2021","South West (England)","SEO/HEO","Male","Heterosexual / straight","6225","6090","36980","37020"
"In post","2021","South West (England)","SEO/HEO","Male","LGBO","255","250","34770","33840"
"In post","2021","South West (England)","SEO/HEO","Male","Undeclared","1025","990","38060","38160"
"In post","2021","South West (England)","SEO/HEO","Male","Unknown","1645","1605","36700","37320"
"In post","2021","South West (England)","SEO/HEO","Unknown","Heterosexual / straight","[c]","[c]","[c]","[c]"
"In post","2021","South West (England)","SEO/HEO","Unknown","LGBO","[c]","[c]","[c]","[c]"
"In post","2021","South West (England)","Unknown","Female","Heterosexual / straight","950","865","33060","31420"
"In post","2021","South West (England)","Unknown","Female","LGBO","50","50","29660","28200"
"In post","2021","South West (England)","Unknown","Female","Undeclared","120","105","33920","32280"
"In post","2021","South West (England)","Unknown","Female","Unknown","80","75","32800","30210"
"In post","2021","South West (England)","Unknown","Male","Heterosexual / straight","1005","990","41400","39000"
"In post","2021","South West (England)","Unknown","Male","LGBO","35","35","33990","31420"
"In post","2021","South West (England)","Unknown","Male","Undeclared","155","150","46510","43780"
"In post","2021","South West (England)","Unknown","Male","Unknown","105","100","36130","32710"
"In post","2021","South West (England)","Unknown","Unknown","Heterosexual / straight","[c]","[c]","[c]","[c]"
"In post","2021","South West (England)","Unknown","Unknown","LGBO","[c]","[c]","[c]","[c]"
"In post","2021","Unknown","AA/AO","Female","Heterosexual / straight","100","90","22450","21010"
"In post","2021","Unknown","AA/AO","Female","LGBO","5","5","[c]","[c]"
"In post","2021","Unknown","AA/AO","Female","Undeclared","15","10","[c]","[c]"
"In post","2021","Unknown","AA/AO","Female","Unknown","40","30","22410","21300"
"In post","2021","Unknown","AA/AO","Male","Heterosexual / straight","55","55","21670","21010"
"In post","2021","Unknown","AA/AO","Male","LGBO","5","5","[c]","[c]"
"In post","2021","Unknown","AA/AO","Male","Undeclared","[c]","[c]","[c]","[c]"
"In post","2021","Unknown","AA/AO","Male","Unknown","20","20","[c]","[c]"
"In post","2021","Unknown","AA/AO","Unknown","Heterosexual / straight","[c]","[c]","[c]","[c]"
"In post","2021","Unknown","AA/AO","Unknown","LGBO","[c]","[c]","[c]","[c]"
"In post","2021","Unknown","EO","Female","Heterosexual / straight","250","235","28130","27570"
"In post","2021","Unknown","EO","Female","LGBO","10","10","[c]","[c]"
"In post","2021","Unknown","EO","Female","Undeclared","30","30","28180","27570"
"In post","2021","Unknown","EO","Female","Unknown","65","60","27910","27570"
"In post","2021","Unknown","EO","Male","Heterosexual / straight","140","135","27810","27570"
"In post","2021","Unknown","EO","Male","LGBO","20","15","[c]","[c]"
"In post","2021","Unknown","EO","Male","Undeclared","20","20","[c]","[c]"
"In post","2021","Unknown","EO","Male","Unknown","55","55","28150","27570"
"In post","2021","Unknown","EO","Unknown","Heterosexual / straight","[c]","[c]","[c]","[c]"
"In post","2021","Unknown","EO","Unknown","LGBO","[c]","[c]","[c]","[c]"
"In post","2021","Unknown","G6/G7","Female","Heterosexual / straight","70","65","55340","54610"
"In post","2021","Unknown","G6/G7","Female","LGBO","[c]","[c]","[c]","[c]"
"In post","2021","Unknown","G6/G7","Female","Undeclared","5","5","[c]","[c]"
"In post","2021","Unknown","G6/G7","Female","Unknown","30","30","60700","60740"
"In post","2021","Unknown","G6/G7","Male","Heterosexual / straight","50","50","58290","55370"
"In post","2021","Unknown","G6/G7","Male","LGBO","5","5","[c]","[c]"
"In post","2021","Unknown","G6/G7","Male","Undeclared","5","5","[c]","[c]"
"In post","2021","Unknown","G6/G7","Male","Unknown","30","30","58480","54700"
"In post","2021","Unknown","G6/G7","Unknown","Heterosexual / straight","[c]","[c]","[c]","[c]"
"In post","2021","Unknown","G6/G7","Unknown","LGBO","[c]","[c]","[c]","[c]"
"In post","2021","Unknown","SCS level","Female","Heterosexual / straight","[c]","[c]","[c]","[c]"
"In post","2021","Unknown","SCS level","Female","LGBO","[c]","[c]","[c]","[c]"
"In post","2021","Unknown","SCS level","Female","Undeclared","[c]","[c]","[c]","[c]"
"In post","2021","Unknown","SCS level","Female","Unknown","10","10","[c]","[c]"
"In post","2021","Unknown","SCS level","Male","Heterosexual / straight","5","5","[c]","[c]"
"In post","2021","Unknown","SCS level","Male","LGBO","[c]","[c]","[c]","[c]"
"In post","2021","Unknown","SCS level","Male","Undeclared","[c]","[c]","[c]","[c]"
"In post","2021","Unknown","SCS level","Male","Unknown","10","10","[c]","[c]"
"In post","2021","Unknown","SCS level","Unknown","Heterosexual / straight","[c]","[c]","[c]","[c]"
"In post","2021","Unknown","SCS level","Unknown","LGBO","[c]","[c]","[c]","[c]"
"In post","2021","Unknown","SEO/HEO","Female","Heterosexual / straight","140","135","36000","35220"
"In post","2021","Unknown","SEO/HEO","Female","LGBO","10","10","[c]","[c]"
"In post","2021","Unknown","SEO/HEO","Female","Undeclared","15","10","[c]","[c]"
"In post","2021","Unknown","SEO/HEO","Female","Unknown","240","235","31840","32000"
"In post","2021","Unknown","SEO/HEO","Male","Heterosexual / straight","130","130","38130","35310"
"In post","2021","Unknown","SEO/HEO","Male","LGBO","10","10","[c]","[c]"
"In post","2021","Unknown","SEO/HEO","Male","Undeclared","15","15","[c]","[c]"
"In post","2021","Unknown","SEO/HEO","Male","Unknown","205","205","32560","32000"
"In post","2021","Unknown","SEO/HEO","Unknown","Heterosexual / straight","[c]","[c]","[c]","[c]"
"In post","2021","Unknown","SEO/HEO","Unknown","LGBO","[c]","[c]","[c]","[c]"
"In post","2021","Unknown","Unknown","Female","Heterosexual / straight","[c]","[c]","[c]","[c]"
"In post","2021","Unknown","Unknown","Female","LGBO","[c]","[c]","[c]","[c]"
"In post","2021","Unknown","Unknown","Female","Undeclared","[c]","[c]","[c]","[c]"
"In post","2021","Unknown","Unknown","Female","Unknown","165","165","33120","32700"
"In post","2021","Unknown","Unknown","Male","Heterosexual / straight","55","55","28370","27370"
"In post","2021","Unknown","Unknown","Male","LGBO","[c]","[c]","[c]","[c]"
"In post","2021","Unknown","Unknown","Male","Undeclared","10","10","[c]","[c]"
"In post","2021","Unknown","Unknown","Male","Unknown","1680","1680","38020","34460"
"In post","2021","Unknown","Unknown","Unknown","Heterosexual / straight","[c]","[c]","[c]","[c]"
"In post","2021","Unknown","Unknown","Unknown","LGBO","[c]","[c]","[c]","[c]"
"In post","2021","Wales","AA/AO","Female","Heterosexual / straight","4770","4070","21120","21140"
"In post","2021","Wales","AA/AO","Female","LGBO","220","210","21120","21010"
"In post","2021","Wales","AA/AO","Female","Undeclared","1150","875","20580","21440"
"In post","2021","Wales","AA/AO","Female","Unknown","1775","1475","20800","21010"
"In post","2021","Wales","AA/AO","Male","Heterosexual / straight","3010","2890","21770","21430"
"In post","2021","Wales","AA/AO","Male","LGBO","215","210","21090","21010"
"In post","2021","Wales","AA/AO","Male","Undeclared","625","585","21470","21590"
"In post","2021","Wales","AA/AO","Male","Unknown","1155","1095","21560","21010"
"In post","2021","Wales","AA/AO","Unknown","Heterosexual / straight","[c]","[c]","[c]","[c]"
"In post","2021","Wales","AA/AO","Unknown","LGBO","[c]","[c]","[c]","[c]"
"In post","2021","Wales","AA/AO","Unknown","Unknown","[c]","[c]","[c]","[c]"
"In post","2021","Wales","EO","Female","Heterosexual / straight","3695","3325","26900","27570"
"In post","2021","Wales","EO","Female","LGBO","180","170","26450","26850"
"In post","2021","Wales","EO","Female","Undeclared","515","455","27100","27130"
"In post","2021","Wales","EO","Female","Unknown","1040","925","26340","27130"
"In post","2021","Wales","EO","Male","Heterosexual / straight","2440","2370","27330","27570"
"In post","2021","Wales","EO","Male","LGBO","205","200","26940","27570"
"In post","2021","Wales","EO","Male","Undeclared","510","480","28030","27570"
"In post","2021","Wales","EO","Male","Unknown","830","800","26540","26470"
"In post","2021","Wales","EO","Unknown","Heterosexual / straight","5","5","[c]","[c]"
"In post","2021","Wales","EO","Unknown","LGBO","[c]","[c]","[c]","[c]"
"In post","2021","Wales","EO","Unknown","Unknown","[c]","[c]","[c]","[c]"
"In post","2021","Wales","G6/G7","Female","Heterosexual / straight","1105","1040","58050","57530"
"In post","2021","Wales","G6/G7","Female","LGBO","40","40","55510","53590"
"In post","2021","Wales","G6/G7","Female","Undeclared","155","150","59350","60830"
"In post","2021","Wales","G6/G7","Female","Unknown","190","180","56700","55600"
"In post","2021","Wales","G6/G7","Male","Heterosexual / straight","1195","1170","59330","59300"
"In post","2021","Wales","G6/G7","Male","LGBO","65","65","59710","58480"
"In post","2021","Wales","G6/G7","Male","Undeclared","165","165","61050","60830"
"In post","2021","Wales","G6/G7","Male","Unknown","295","285","58070","57920"
"In post","2021","Wales","G6/G7","Unknown","Heterosexual / straight","[c]","[c]","[c]","[c]"
"In post","2021","Wales","G6/G7","Unknown","LGBO","[c]","[c]","[c]","[c]"
"In post","2021","Wales","G6/G7","Unknown","Unknown","[c]","[c]","[c]","[c]"
"In post","2021","Wales","SCS level","Female","Heterosexual / straight","100","95","85020","78600"
"In post","2021","Wales","SCS level","Female","LGBO","[c]","[c]","[c]","[c]"
"In post","2021","Wales","SCS level","Female","Undeclared","10","10","[c]","[c]"
"In post","2021","Wales","SCS level","Female","Unknown","10","10","[c]","[c]"
"In post","2021","Wales","SCS level","Male","Heterosexual / straight","130","125","89440","81290"
"In post","2021","Wales","SCS level","Male","LGBO","15","15","[c]","[c]"
"In post","2021","Wales","SCS level","Male","Undeclared","15","15","[c]","[c]"
"In post","2021","Wales","SCS level","Male","Unknown","25","25","[c]","[c]"
"In post","2021","Wales","SCS level","Unknown","Heterosexual / straight","[c]","[c]","[c]","[c]"
"In post","2021","Wales","SCS level","Unknown","LGBO","[c]","[c]","[c]","[c]"
"In post","2021","Wales","SEO/HEO","Female","Heterosexual / straight","3645","3405","36810","37410"
"In post","2021","Wales","SEO/HEO","Female","LGBO","155","150","35610","34490"
"In post","2021","Wales","SEO/HEO","Female","Undeclared","400","370","38210","37410"
"In post","2021","Wales","SEO/HEO","Female","Unknown","640","605","34270","32540"
"In post","2021","Wales","SEO/HEO","Male","Heterosexual / straight","2780","2710","37770","37410"
"In post","2021","Wales","SEO/HEO","Male","LGBO","190","185","35990","36030"
"In post","2021","Wales","SEO/HEO","Male","Undeclared","540","520","38230","37410"
"In post","2021","Wales","SEO/HEO","Male","Unknown","760","735","35250","33940"
"In post","2021","Wales","SEO/HEO","Unknown","Heterosexual / straight","[c]","[c]","[c]","[c]"
"In post","2021","Wales","SEO/HEO","Unknown","LGBO","[c]","[c]","[c]","[c]"
"In post","2021","Wales","SEO/HEO","Unknown","Unknown","5","5","[c]","[c]"
"In post","2021","Wales","Unknown","Female","Heterosexual / straight","695","650","29510","28200"
"In post","2021","Wales","Unknown","Female","LGBO","25","25","[c]","[c]"
"In post","2021","Wales","Unknown","Female","Undeclared","40","35","29150","28200"
"In post","2021","Wales","Unknown","Female","Unknown","100","90","28830","28200"
"In post","2021","Wales","Unknown","Male","Heterosexual / straight","180","175","31880","31420"
"In post","2021","Wales","Unknown","Male","LGBO","10","10","[c]","[c]"
"In post","2021","Wales","Unknown","Male","Undeclared","20","20","[c]","[c]"
"In post","2021","Wales","Unknown","Male","Unknown","30","30","28020","25550"
"In post","2021","Wales","Unknown","Unknown","Heterosexual / straight","[c]","[c]","[c]","[c]"
"In post","2021","Wales","Unknown","Unknown","LGBO","[c]","[c]","[c]","[c]"
"In post","2021","West Midlands (England)","AA/AO","Female","Heterosexual / straight","3730","3240","21080","20920"
"In post","2021","West Midlands (England)","AA/AO","Female","LGBO","215","205","22660","21220"
"In post","2021","West Midlands (England)","AA/AO","Female","Undeclared","495","415","20900","20920"
"In post","2021","West Midlands (England)","AA/AO","Female","Unknown","1555","1320","21180","21010"
"In post","2021","West Midlands (England)","AA/AO","Male","Heterosexual / straight","2785","2700","22910","21010"
"In post","2021","West Midlands (England)","AA/AO","Male","LGBO","160","155","21930","21010"
"In post","2021","West Midlands (England)","AA/AO","Male","Undeclared","320","305","22980","21010"
"In post","2021","West Midlands (England)","AA/AO","Male","Unknown","1090","1035","22740","21010"
"In post","2021","West Midlands (England)","AA/AO","Unknown","Heterosexual / straight","[c]","[c]","[c]","[c]"
"In post","2021","West Midlands (England)","AA/AO","Unknown","LGBO","[c]","[c]","[c]","[c]"
"In post","2021","West Midlands (England)","EO","Female","Heterosexual / straight","3665","3280","26790","27570"
"In post","2021","West Midlands (England)","EO","Female","LGBO","135","125","26990","27570"
"In post","2021","West Midlands (England)","EO","Female","Undeclared","440","380","26820","27570"
"In post","2021","West Midlands (England)","EO","Female","Unknown","1235","1070","26960","27570"
"In post","2021","West Midlands (England)","EO","Male","Heterosexual / straight","2525","2455","27350","27570"
"In post","2021","West Midlands (England)","EO","Male","LGBO","160","155","26950","27570"
"In post","2021","West Midlands (England)","EO","Male","Undeclared","395","370","27600","27570"
"In post","2021","West Midlands (England)","EO","Male","Unknown","815","785","27300","27570"
"In post","2021","West Midlands (England)","EO","Unknown","Heterosexual / straight","[c]","[c]","[c]","[c]"
"In post","2021","West Midlands (England)","EO","Unknown","LGBO","[c]","[c]","[c]","[c]"
"In post","2021","West Midlands (England)","G6/G7","Female","Heterosexual / straight","840","805","56140","52580"
"In post","2021","West Midlands (England)","G6/G7","Female","LGBO","35","35","56660","52580"
"In post","2021","West Midlands (England)","G6/G7","Female","Undeclared","85","80","58030","54630"
"In post","2021","West Midlands (England)","G6/G7","Female","Unknown","250","230","55510","52580"
"In post","2021","West Midlands (England)","G6/G7","Male","Heterosexual / straight","745","735","58000","54540"
"In post","2021","West Midlands (England)","G6/G7","Male","LGBO","45","45","58150","54770"
"In post","2021","West Midlands (England)","G6/G7","Male","Undeclared","95","95","57680","54540"
"In post","2021","West Midlands (England)","G6/G7","Male","Unknown","265","260","57570","54110"
"In post","2021","West Midlands (England)","G6/G7","Unknown","Heterosexual / straight","[c]","[c]","[c]","[c]"
"In post","2021","West Midlands (England)","G6/G7","Unknown","LGBO","[c]","[c]","[c]","[c]"
"In post","2021","West Midlands (England)","SCS level","Female","Heterosexual / straight","80","75","91370","85720"
"In post","2021","West Midlands (England)","SCS level","Female","LGBO","[c]","[c]","[c]","[c]"
"In post","2021","West Midlands (England)","SCS level","Female","Undeclared","5","5","[c]","[c]"
"In post","2021","West Midlands (England)","SCS level","Female","Unknown","20","20","[c]","[c]"
"In post","2021","West Midlands (England)","SCS level","Male","Heterosexual / straight","70","70","96760","87830"
"In post","2021","West Midlands (England)","SCS level","Male","LGBO","[c]","[c]","[c]","[c]"
"In post","2021","West Midlands (England)","SCS level","Male","Undeclared","5","5","[c]","[c]"
"In post","2021","West Midlands (England)","SCS level","Male","Unknown","25","20","[c]","[c]"
"In post","2021","West Midlands (England)","SCS level","Unknown","Heterosexual / straight","[c]","[c]","[c]","[c]"
"In post","2021","West Midlands (England)","SCS level","Unknown","LGBO","[c]","[c]","[c]","[c]"
"In post","2021","West Midlands (England)","SEO/HEO","Female","Heterosexual / straight","2620","2465","35570","34060"
"In post","2021","West Midlands (England)","SEO/HEO","Female","LGBO","110","105","35440","33170"
"In post","2021","West Midlands (England)","SEO/HEO","Female","Undeclared","295","275","35890","34290"
"In post","2021","West Midlands (England)","SEO/HEO","Female","Unknown","665","625","35230","33360"
"In post","2021","West Midlands (England)","SEO/HEO","Male","Heterosexual / straight","2150","2100","36510","35400"
"In post","2021","West Midlands (England)","SEO/HEO","Male","LGBO","95","90","34980","33300"
"In post","2021","West Midlands (England)","SEO/HEO","Male","Undeclared","280","270","36470","34890"
"In post","2021","West Midlands (England)","SEO/HEO","Male","Unknown","590","575","36430","35000"
"In post","2021","West Midlands (England)","SEO/HEO","Unknown","Heterosexual / straight","[c]","[c]","[c]","[c]"
"In post","2021","West Midlands (England)","SEO/HEO","Unknown","LGBO","[c]","[c]","[c]","[c]"
"In post","2021","West Midlands (England)","Unknown","Female","Heterosexual / straight","850","770","29210","28200"
"In post","2021","West Midlands (England)","Unknown","Female","LGBO","35","30","27140","23840"
"In post","2021","West Midlands (England)","Unknown","Female","Undeclared","65","60","31060","30210"
"In post","2021","West Midlands (England)","Unknown","Female","Unknown","85","75","27150","26500"
"In post","2021","West Midlands (England)","Unknown","Male","Heterosexual / straight","290","280","31770","31420"
"In post","2021","West Midlands (England)","Unknown","Male","LGBO","20","20","[c]","[c]"
"In post","2021","West Midlands (England)","Unknown","Male","Undeclared","25","20","[c]","[c]"
"In post","2021","West Midlands (England)","Unknown","Male","Unknown","40","35","28150","28200"
"In post","2021","West Midlands (England)","Unknown","Unknown","Heterosexual / straight","[c]","[c]","[c]","[c]"
"In post","2021","West Midlands (England)","Unknown","Unknown","LGBO","[c]","[c]","[c]","[c]"
"In post","2021","Yorkshire and The Humber","AA/AO","Female","Heterosexual / straight","3985","3375","21520","21010"
"In post","2021","Yorkshire and The Humber","AA/AO","Female","LGBO","250","240","22790","21130"
"In post","2021","Yorkshire and The Humber","AA/AO","Female","Undeclared","530","440","21460","21010"
"In post","2021","Yorkshire and The Humber","AA/AO","Female","Unknown","1475","1250","21420","21010"
"In post","2021","Yorkshire and The Humber","AA/AO","Male","Heterosexual / straight","3340","3195","23530","21430"
"In post","2021","Yorkshire and The Humber","AA/AO","Male","LGBO","185","180","22400","21010"
"In post","2021","Yorkshire and The Humber","AA/AO","Male","Undeclared","430","405","24840","21440"
"In post","2021","Yorkshire and The Humber","AA/AO","Male","Unknown","1475","1405","22850","21010"
"In post","2021","Yorkshire and The Humber","AA/AO","Unknown","Heterosexual / straight","[c]","[c]","[c]","[c]"
"In post","2021","Yorkshire and The Humber","AA/AO","Unknown","LGBO","[c]","[c]","[c]","[c]"
"In post","2021","Yorkshire and The Humber","EO","Female","Heterosexual / straight","3900","3435","26820","27570"
"In post","2021","Yorkshire and The Humber","EO","Female","LGBO","200","195","27170","27570"
"In post","2021","Yorkshire and The Humber","EO","Female","Undeclared","490","425","27000","27570"
"In post","2021","Yorkshire and The Humber","EO","Female","Unknown","1235","1070","26850","27570"
"In post","2021","Yorkshire and The Humber","EO","Male","Heterosexual / straight","3030","2930","27510","27380"
"In post","2021","Yorkshire and The Humber","EO","Male","LGBO","215","210","26990","27570"
"In post","2021","Yorkshire and The Humber","EO","Male","Undeclared","460","440","27650","27230"
"In post","2021","Yorkshire and The Humber","EO","Male","Unknown","980","940","27220","26980"
"In post","2021","Yorkshire and The Humber","EO","Unknown","Heterosexual / straight","[c]","[c]","[c]","[c]"
"In post","2021","Yorkshire and The Humber","EO","Unknown","LGBO","[c]","[c]","[c]","[c]"
"In post","2021","Yorkshire and The Humber","G6/G7","Female","Heterosexual / straight","1390","1300","55890","52580"
"In post","2021","Yorkshire and The Humber","G6/G7","Female","LGBO","60","60","57000","54460"
"In post","2021","Yorkshire and The Humber","G6/G7","Female","Undeclared","105","100","54230","52280"
"In post","2021","Yorkshire and The Humber","G6/G7","Female","Unknown","420","390","55560","52580"
"In post","2021","Yorkshire and The Humber","G6/G7","Male","Heterosexual / straight","1275","1245","57000","54280"
"In post","2021","Yorkshire and The Humber","G6/G7","Male","LGBO","75","75","54720","52580"
"In post","2021","Yorkshire and The Humber","G6/G7","Male","Undeclared","135","130","56840","53150"
"In post","2021","Yorkshire and The Humber","G6/G7","Male","Unknown","395","385","56890","54200"
"In post","2021","Yorkshire and The Humber","G6/G7","Unknown","Heterosexual / straight","[c]","[c]","[c]","[c]"
"In post","2021","Yorkshire and The Humber","G6/G7","Unknown","LGBO","[c]","[c]","[c]","[c]"
"In post","2021","Yorkshire and The Humber","SCS level","Female","Heterosexual / straight","75","70","83540","76010"
"In post","2021","Yorkshire and The Humber","SCS level","Female","LGBO","5","5","[c]","[c]"
"In post","2021","Yorkshire and The Humber","SCS level","Female","Undeclared","10","10","[c]","[c]"
"In post","2021","Yorkshire and The Humber","SCS level","Female","Unknown","40","40","85190","78760"
"In post","2021","Yorkshire and The Humber","SCS level","Male","Heterosexual / straight","95","95","89350","79890"
"In post","2021","Yorkshire and The Humber","SCS level","Male","LGBO","5","5","[c]","[c]"
"In post","2021","Yorkshire and The Humber","SCS level","Male","Undeclared","5","5","[c]","[c]"
"In post","2021","Yorkshire and The Humber","SCS level","Male","Unknown","40","40","80160","74000"
"In post","2021","Yorkshire and The Humber","SCS level","Unknown","Heterosexual / straight","[c]","[c]","[c]","[c]"
"In post","2021","Yorkshire and The Humber","SCS level","Unknown","LGBO","[c]","[c]","[c]","[c]"
"In post","2021","Yorkshire and The Humber","SEO/HEO","Female","Heterosexual / straight","3430","3190","34900","33530"
"In post","2021","Yorkshire and The Humber","SEO/HEO","Female","LGBO","220","210","34290","32100"
"In post","2021","Yorkshire and The Humber","SEO/HEO","Female","Undeclared","385","350","35610","34290"
"In post","2021","Yorkshire and The Humber","SEO/HEO","Female","Unknown","815","765","34090","33140"
"In post","2021","Yorkshire and The Humber","SEO/HEO","Male","Heterosexual / straight","2735","2655","35940","35000"
"In post","2021","Yorkshire and The Humber","SEO/HEO","Male","LGBO","175","170","34270","33000"
"In post","2021","Yorkshire and The Humber","SEO/HEO","Male","Undeclared","395","385","36600","36330"
"In post","2021","Yorkshire and The Humber","SEO/HEO","Male","Unknown","810","785","34800","33680"
"In post","2021","Yorkshire and The Humber","SEO/HEO","Unknown","Heterosexual / straight","[c]","[c]","[c]","[c]"
"In post","2021","Yorkshire and The Humber","SEO/HEO","Unknown","LGBO","[c]","[c]","[c]","[c]"
"In post","2021","Yorkshire and The Humber","Unknown","Female","Heterosexual / straight","860","770","29800","30210"
"In post","2021","Yorkshire and The Humber","Unknown","Female","LGBO","45","45","29110","28200"
"In post","2021","Yorkshire and The Humber","Unknown","Female","Undeclared","75","70","31810","33360"
"In post","2021","Yorkshire and The Humber","Unknown","Female","Unknown","55","45","24510","22920"
"In post","2021","Yorkshire and The Humber","Unknown","Male","Heterosexual / straight","235","225","30290","30210"
"In post","2021","Yorkshire and The Humber","Unknown","Male","LGBO","15","15","[c]","[c]"
"In post","2021","Yorkshire and The Humber","Unknown","Male","Undeclared","25","25","[c]","[c]"
"In post","2021","Yorkshire and The Humber","Unknown","Male","Unknown","20","20","[c]","[c]"
"In post","2021","Yorkshire and The Humber","Unknown","Unknown","Heterosexual / straight","[c]","[c]","[c]","[c]"
"In post","2021","Yorkshire and The Humber","Unknown","Unknown","LGBO","[c]","[c]","[c]","[c]"
"Leaver CS","2021","East Midlands (England)","AA/AO","Female","Heterosexual / straight","190","[c]","20090","20100"
"Leaver CS","2021","East Midlands (England)","AA/AO","Female","LGBO","15","[c]","[c]","[c]"
"Leaver CS","2021","East Midlands (England)","AA/AO","Female","Undeclared","30","[c]","[c]","[c]"
"Leaver CS","2021","East Midlands (England)","AA/AO","Female","Unknown","225","[c]","20200","20500"
"Leaver CS","2021","East Midlands (England)","AA/AO","Male","Heterosexual / straight","185","[c]","21210","20500"
"Leaver CS","2021","East Midlands (England)","AA/AO","Male","LGBO","5","[c]","[c]","[c]"
"Leaver CS","2021","East Midlands (England)","AA/AO","Male","Undeclared","30","[c]","[c]","[c]"
"Leaver CS","2021","East Midlands (England)","AA/AO","Male","Unknown","140","[c]","20380","19700"
"Leaver CS","2021","East Midlands (England)","AA/AO","Unknown","Heterosexual / straight","[c]","[c]","[c]","[c]"
"Leaver CS","2021","East Midlands (England)","AA/AO","Unknown","LGBO","[c]","[c]","[c]","[c]"
"Leaver CS","2021","East Midlands (England)","EO","Female","Heterosexual / straight","85","[c]","26460","26970"
"Leaver CS","2021","East Midlands (England)","EO","Female","LGBO","[c]","[c]","[c]","[c]"
"Leaver CS","2021","East Midlands (England)","EO","Female","Undeclared","10","[c]","[c]","[c]"
"Leaver CS","2021","East Midlands (England)","EO","Female","Unknown","110","[c]","25460","26890"
"Leaver CS","2021","East Midlands (England)","EO","Male","Heterosexual / straight","100","[c]","28050","27570"
"Leaver CS","2021","East Midlands (England)","EO","Male","LGBO","[c]","[c]","[c]","[c]"
"Leaver CS","2021","East Midlands (England)","EO","Male","Undeclared","15","[c]","[c]","[c]"
"Leaver CS","2021","East Midlands (England)","EO","Male","Unknown","80","[c]","26880","26890"
"Leaver CS","2021","East Midlands (England)","EO","Unknown","Heterosexual / straight","[c]","[c]","[c]","[c]"
"Leaver CS","2021","East Midlands (England)","EO","Unknown","LGBO","[c]","[c]","[c]","[c]"
"Leaver CS","2021","East Midlands (England)","G6/G7","Female","Heterosexual / straight","15","[c]","[c]","[c]"
"Leaver CS","2021","East Midlands (England)","G6/G7","Female","LGBO","[c]","[c]","[c]","[c]"
"Leaver CS","2021","East Midlands (England)","G6/G7","Female","Undeclared","[c]","[c]","[c]","[c]"
"Leaver CS","2021","East Midlands (England)","G6/G7","Female","Unknown","15","[c]","[c]","[c]"
"Leaver CS","2021","East Midlands (England)","G6/G7","Male","Heterosexual / straight","10","[c]","[c]","[c]"
"Leaver CS","2021","East Midlands (England)","G6/G7","Male","LGBO","[c]","[c]","[c]","[c]"
"Leaver CS","2021","East Midlands (England)","G6/G7","Male","Undeclared","[c]","[c]","[c]","[c]"
"Leaver CS","2021","East Midlands (England)","G6/G7","Male","Unknown","15","[c]","[c]","[c]"
"Leaver CS","2021","East Midlands (England)","G6/G7","Unknown","Heterosexual / straight","[c]","[c]","[c]","[c]"
"Leaver CS","2021","East Midlands (England)","G6/G7","Unknown","LGBO","[c]","[c]","[c]","[c]"
"Leaver CS","2021","East Midlands (England)","SCS level","Female","Heterosexual / straight","[c]","[c]","[c]","[c]"
"Leaver CS","2021","East Midlands (England)","SCS level","Female","LGBO","[c]","[c]","[c]","[c]"
"Leaver CS","2021","East Midlands (England)","SCS level","Female","Undeclared","[c]","[c]","[c]","[c]"
"Leaver CS","2021","East Midlands (England)","SCS level","Female","Unknown","[c]","[c]","[c]","[c]"
"Leaver CS","2021","East Midlands (England)","SCS level","Male","Heterosexual / straight","[c]","[c]","[c]","[c]"
"Leaver CS","2021","East Midlands (England)","SCS level","Male","LGBO","[c]","[c]","[c]","[c]"
"Leaver CS","2021","East Midlands (England)","SCS level","Male","Undeclared","[c]","[c]","[c]","[c]"
"Leaver CS","2021","East Midlands (England)","SCS level","Male","Unknown","[c]","[c]","[c]","[c]"
"Leaver CS","2021","East Midlands (England)","SCS level","Unknown","Heterosexual / straight","[c]","[c]","[c]","[c]"
"Leaver CS","2021","East Midlands (England)","SCS level","Unknown","LGBO","[c]","[c]","[c]","[c]"
"Leaver CS","2021","East Midlands (England)","SEO/HEO","Female","Heterosexual / straight","55","[c]","37330","34290"
"Leaver CS","2021","East Midlands (England)","SEO/HEO","Female","LGBO","[c]","[c]","[c]","[c]"
"Leaver CS","2021","East Midlands (England)","SEO/HEO","Female","Undeclared","10","[c]","[c]","[c]"
"Leaver CS","2021","East Midlands (England)","SEO/HEO","Female","Unknown","70","[c]","[c]","[c]"
"Leaver CS","2021","East Midlands (England)","SEO/HEO","Male","Heterosexual / straight","50","[c]","35510","34260"
"Leaver CS","2021","East Midlands (England)","SEO/HEO","Male","LGBO","[c]","[c]","[c]","[c]"
"Leaver CS","2021","East Midlands (England)","SEO/HEO","Male","Undeclared","15","[c]","[c]","[c]"
"Leaver CS","2021","East Midlands (England)","SEO/HEO","Male","Unknown","50","[c]","[c]","[c]"
"Leaver CS","2021","East Midlands (England)","SEO/HEO","Unknown","Heterosexual / straight","[c]","[c]","[c]","[c]"
"Leaver CS","2021","East Midlands (England)","SEO/HEO","Unknown","LGBO","[c]","[c]","[c]","[c]"
"Leaver CS","2021","East Midlands (England)","Unknown","Female","Heterosexual / straight","30","[c]","[c]","[c]"
"Leaver CS","2021","East Midlands (England)","Unknown","Female","LGBO","[c]","[c]","[c]","[c]"
"Leaver CS","2021","East Midlands (England)","Unknown","Female","Undeclared","[c]","[c]","[c]","[c]"
"Leaver CS","2021","East Midlands (England)","Unknown","Female","Unknown","[c]","[c]","[c]","[c]"
"Leaver CS","2021","East Midlands (England)","Unknown","Male","Heterosexual / straight","10","[c]","[c]","[c]"
"Leaver CS","2021","East Midlands (England)","Unknown","Male","LGBO","[c]","[c]","[c]","[c]"
"Leaver CS","2021","East Midlands (England)","Unknown","Male","Undeclared","[c]","[c]","[c]","[c]"
"Leaver CS","2021","East Midlands (England)","Unknown","Male","Unknown","[c]","[c]","[c]","[c]"
"Leaver CS","2021","East Midlands (England)","Unknown","Unknown","Heterosexual / straight","[c]","[c]","[c]","[c]"
"Leaver CS","2021","East Midlands (England)","Unknown","Unknown","LGBO","[c]","[c]","[c]","[c]"
"Leaver CS","2021","East of England","AA/AO","Female","Heterosexual / straight","195","[c]","21090","21010"
"Leaver CS","2021","East of England","AA/AO","Female","LGBO","10","[c]","[c]","[c]"
"Leaver CS","2021","East of England","AA/AO","Female","Undeclared","35","[c]","[c]","[c]"
"Leaver CS","2021","East of England","AA/AO","Female","Unknown","200","[c]","20980","20570"
"Leaver CS","2021","East of England","AA/AO","Male","Heterosexual / straight","220","[c]","22550","21430"
"Leaver CS","2021","East of England","AA/AO","Male","LGBO","10","[c]","[c]","[c]"
"Leaver CS","2021","East of England","AA/AO","Male","Undeclared","25","[c]","[c]","[c]"
"Leaver CS","2021","East of England","AA/AO","Male","Unknown","150","[c]","21980","21010"
"Leaver CS","2021","East of England","AA/AO","Unknown","Heterosexual / straight","[c]","[c]","[c]","[c]"
"Leaver CS","2021","East of England","AA/AO","Unknown","LGBO","[c]","[c]","[c]","[c]"
"Leaver CS","2021","East of England","EO","Female","Heterosexual / straight","105","[c]","27040","27050"
"Leaver CS","2021","East of England","EO","Female","LGBO","[c]","[c]","[c]","[c]"
"Leaver CS","2021","East of England","EO","Female","Undeclared","15","[c]","[c]","[c]"
"Leaver CS","2021","East of England","EO","Female","Unknown","135","[c]","27710","27570"
"Leaver CS","2021","East of England","EO","Male","Heterosexual / straight","80","[c]","27930","27570"
"Leaver CS","2021","East of England","EO","Male","LGBO","[c]","[c]","[c]","[c]"
"Leaver CS","2021","East of England","EO","Male","Undeclared","15","[c]","[c]","[c]"
"Leaver CS","2021","East of England","EO","Male","Unknown","65","[c]","[c]","[c]"
"Leaver CS","2021","East of England","EO","Unknown","Heterosexual / straight","[c]","[c]","[c]","[c]"
"Leaver CS","2021","East of England","EO","Unknown","LGBO","[c]","[c]","[c]","[c]"
"Leaver CS","2021","East of England","EO","Unknown","Unknown","[c]","[c]","[c]","[c]"
"Leaver CS","2021","East of England","G6/G7","Female","Heterosexual / straight","15","[c]","[c]","[c]"
"Leaver CS","2021","East of England","G6/G7","Female","LGBO","[c]","[c]","[c]","[c]"
"Leaver CS","2021","East of England","G6/G7","Female","Undeclared","[c]","[c]","[c]","[c]"
"Leaver CS","2021","East of England","G6/G7","Female","Unknown","20","[c]","[c]","[c]"
"Leaver CS","2021","East of England","G6/G7","Male","Heterosexual / straight","20","[c]","[c]","[c]"
"Leaver CS","2021","East of England","G6/G7","Male","LGBO","[c]","[c]","[c]","[c]"
"Leaver CS","2021","East of England","G6/G7","Male","Undeclared","[c]","[c]","[c]","[c]"
"Leaver CS","2021","East of England","G6/G7","Male","Unknown","25","[c]","[c]","[c]"
"Leaver CS","2021","East of England","G6/G7","Unknown","Heterosexual / straight","[c]","[c]","[c]","[c]"
"Leaver CS","2021","East of England","G6/G7","Unknown","LGBO","[c]","[c]","[c]","[c]"
"Leaver CS","2021","East of England","G6/G7","Unknown","Unknown","[c]","[c]","[c]","[c]"
"Leaver CS","2021","East of England","SCS level","Female","Heterosexual / straight","[c]","[c]","[c]","[c]"
"Leaver CS","2021","East of England","SCS level","Female","LGBO","[c]","[c]","[c]","[c]"
"Leaver CS","2021","East of England","SCS level","Female","Undeclared","[c]","[c]","[c]","[c]"
"Leaver CS","2021","East of England","SCS level","Female","Unknown","[c]","[c]","[c]","[c]"
"Leaver CS","2021","East of England","SCS level","Male","Heterosexual / straight","[c]","[c]","[c]","[c]"
"Leaver CS","2021","East of England","SCS level","Male","LGBO","[c]","[c]","[c]","[c]"
"Leaver CS","2021","East of England","SCS level","Male","Undeclared","[c]","[c]","[c]","[c]"
"Leaver CS","2021","East of England","SCS level","Male","Unknown","[c]","[c]","[c]","[c]"
"Leaver CS","2021","East of England","SCS level","Unknown","Heterosexual / straight","[c]","[c]","[c]","[c]"
"Leaver CS","2021","East of England","SCS level","Unknown","LGBO","[c]","[c]","[c]","[c]"
"Leaver CS","2021","East of England","SEO/HEO","Female","Heterosexual / straight","50","[c]","36690","36180"
"Leaver CS","2021","East of England","SEO/HEO","Female","LGBO","[c]","[c]","[c]","[c]"
"Leaver CS","2021","East of England","SEO/HEO","Female","Undeclared","10","[c]","[c]","[c]"
"Leaver CS","2021","East of England","SEO/HEO","Female","Unknown","100","[c]","35640","34530"
"Leaver CS","2021","East of England","SEO/HEO","Male","Heterosexual / straight","60","[c]","40450","40000"
"Leaver CS","2021","East of England","SEO/HEO","Male","LGBO","[c]","[c]","[c]","[c]"
"Leaver CS","2021","East of England","SEO/HEO","Male","Undeclared","20","[c]","[c]","[c]"
"Leaver CS","2021","East of England","SEO/HEO","Male","Unknown","100","[c]","[c]","[c]"
"Leaver CS","2021","East of England","SEO/HEO","Unknown","Heterosexual / straight","5","[c]","[c]","[c]"
"Leaver CS","2021","East of England","SEO/HEO","Unknown","LGBO","[c]","[c]","[c]","[c]"
"Leaver CS","2021","East of England","SEO/HEO","Unknown","Unknown","5","[c]","[c]","[c]"
"Leaver CS","2021","East of England","Unknown","Female","Heterosexual / straight","35","[c]","[c]","[c]"
"Leaver CS","2021","East of England","Unknown","Female","LGBO","[c]","[c]","[c]","[c]"
"Leaver CS","2021","East of England","Unknown","Female","Undeclared","[c]","[c]","[c]","[c]"
"Leaver CS","2021","East of England","Unknown","Female","Unknown","15","[c]","[c]","[c]"
"Leaver CS","2021","East of England","Unknown","Male","Heterosexual / straight","10","[c]","[c]","[c]"
"Leaver CS","2021","East of England","Unknown","Male","LGBO","[c]","[c]","[c]","[c]"
"Leaver CS","2021","East of England","Unknown","Male","Undeclared","[c]","[c]","[c]","[c]"
"Leaver CS","2021","East of England","Unknown","Male","Unknown","[c]","[c]","[c]","[c]"
"Leaver CS","2021","East of England","Unknown","Unknown","Heterosexual / straight","[c]","[c]","[c]","[c]"
"Leaver CS","2021","East of England","Unknown","Unknown","LGBO","[c]","[c]","[c]","[c]"
"Leaver CS","2021","London","AA/AO","Female","Heterosexual / straight","320","[c]","23330","23530"
"Leaver CS","2021","London","AA/AO","Female","LGBO","30","[c]","[c]","[c]"
"Leaver CS","2021","London","AA/AO","Female","Undeclared","30","[c]","[c]","[c]"
"Leaver CS","2021","London","AA/AO","Female","Unknown","320","[c]","21660","22660"
"Leaver CS","2021","London","AA/AO","Male","Heterosexual / straight","270","[c]","23580","23500"
"Leaver CS","2021","London","AA/AO","Male","LGBO","10","[c]","[c]","[c]"
"Leaver CS","2021","London","AA/AO","Male","Undeclared","30","[c]","[c]","[c]"
"Leaver CS","2021","London","AA/AO","Male","Unknown","260","[c]","22460","22680"
"Leaver CS","2021","London","AA/AO","Unknown","Heterosexual / straight","[c]","[c]","[c]","[c]"
"Leaver CS","2021","London","AA/AO","Unknown","LGBO","[c]","[c]","[c]","[c]"
"Leaver CS","2021","London","AA/AO","Unknown","Undeclared","[c]","[c]","[c]","[c]"
"Leaver CS","2021","London","EO","Female","Heterosexual / straight","275","[c]","28750","28650"
"Leaver CS","2021","London","EO","Female","LGBO","15","[c]","[c]","[c]"
"Leaver CS","2021","London","EO","Female","Undeclared","40","[c]","28250","27830"
"Leaver CS","2021","London","EO","Female","Unknown","310","[c]","28240","30300"
"Leaver CS","2021","London","EO","Male","Heterosexual / straight","200","[c]","29200","29080"
"Leaver CS","2021","London","EO","Male","LGBO","20","[c]","[c]","[c]"
"Leaver CS","2021","London","EO","Male","Undeclared","35","[c]","29140","29500"
"Leaver CS","2021","London","EO","Male","Unknown","245","[c]","28770","30140"
"Leaver CS","2021","London","EO","Unknown","Heterosexual / straight","10","[c]","[c]","[c]"
"Leaver CS","2021","London","EO","Unknown","LGBO","[c]","[c]","[c]","[c]"
"Leaver CS","2021","London","EO","Unknown","Unknown","[c]","[c]","[c]","[c]"
"Leaver CS","2021","London","G6/G7","Female","Heterosexual / straight","260","[c]","60280","58300"
"Leaver CS","2021","London","G6/G7","Female","LGBO","15","[c]","[c]","[c]"
"Leaver CS","2021","London","G6/G7","Female","Undeclared","45","[c]","63970","59740"
"Leaver CS","2021","London","G6/G7","Female","Unknown","180","[c]","60770","58870"
"Leaver CS","2021","London","G6/G7","Male","Heterosexual / straight","250","[c]","61150","59650"
"Leaver CS","2021","London","G6/G7","Male","LGBO","40","[c]","58900","58130"
"Leaver CS","2021","London","G6/G7","Male","Undeclared","65","[c]","63140","62080"
"Leaver CS","2021","London","G6/G7","Male","Unknown","210","[c]","60440","57910"
"Leaver CS","2021","London","G6/G7","Unknown","Heterosexual / straight","10","[c]","[c]","[c]"
"Leaver CS","2021","London","G6/G7","Unknown","LGBO","[c]","[c]","[c]","[c]"
"Leaver CS","2021","London","G6/G7","Unknown","Undeclared","[c]","[c]","[c]","[c]"
"Leaver CS","2021","London","G6/G7","Unknown","Unknown","10","[c]","[c]","[c]"
"Leaver CS","2021","London","SCS level","Female","Heterosexual / straight","60","[c]","91700","84580"
"Leaver CS","2021","London","SCS level","Female","LGBO","10","[c]","[c]","[c]"
"Leaver CS","2021","London","SCS level","Female","Undeclared","[c]","[c]","[c]","[c]"
"Leaver CS","2021","London","SCS level","Female","Unknown","40","[c]","[c]","[c]"
"Leaver CS","2021","London","SCS level","Male","Heterosexual / straight","80","[c]","103540","95620"
"Leaver CS","2021","London","SCS level","Male","LGBO","[c]","[c]","[c]","[c]"
"Leaver CS","2021","London","SCS level","Male","Undeclared","10","[c]","[c]","[c]"
"Leaver CS","2021","London","SCS level","Male","Unknown","45","[c]","[c]","[c]"
"Leaver CS","2021","London","SCS level","Unknown","Heterosexual / straight","[c]","[c]","[c]","[c]"
"Leaver CS","2021","London","SCS level","Unknown","LGBO","[c]","[c]","[c]","[c]"
"Leaver CS","2021","London","SCS level","Unknown","Undeclared","[c]","[c]","[c]","[c]"
"Leaver CS","2021","London","SCS level","Unknown","Unknown","5","[c]","[c]","[c]"
"Leaver CS","2021","London","SEO/HEO","Female","Heterosexual / straight","330","[c]","37580","37190"
"Leaver CS","2021","London","SEO/HEO","Female","LGBO","25","[c]","[c]","[c]"
"Leaver CS","2021","London","SEO/HEO","Female","Undeclared","60","[c]","38860","38360"
"Leaver CS","2021","London","SEO/HEO","Female","Unknown","265","[c]","36490","36500"
"Leaver CS","2021","London","SEO/HEO","Male","Heterosexual / straight","315","[c]","38730","38680"
"Leaver CS","2021","London","SEO/HEO","Male","LGBO","35","[c]","[c]","[c]"
"Leaver CS","2021","London","SEO/HEO","Male","Undeclared","55","[c]","39300","39020"
"Leaver CS","2021","London","SEO/HEO","Male","Unknown","310","[c]","35690","35010"
"Leaver CS","2021","London","SEO/HEO","Unknown","Heterosexual / straight","15","[c]","[c]","[c]"
"Leaver CS","2021","London","SEO/HEO","Unknown","LGBO","[c]","[c]","[c]","[c]"
"Leaver CS","2021","London","SEO/HEO","Unknown","Undeclared","[c]","[c]","[c]","[c]"
"Leaver CS","2021","London","SEO/HEO","Unknown","Unknown","15","[c]","[c]","[c]"
"Leaver CS","2021","London","Unknown","Female","Heterosexual / straight","45","[c]","[c]","[c]"
"Leaver CS","2021","London","Unknown","Female","LGBO","[c]","[c]","[c]","[c]"
"Leaver CS","2021","London","Unknown","Female","Undeclared","5","[c]","[c]","[c]"
"Leaver CS","2021","London","Unknown","Female","Unknown","35","[c]","[c]","[c]"
"Leaver CS","2021","London","Unknown","Male","Heterosexual / straight","25","[c]","[c]","[c]"
"Leaver CS","2021","London","Unknown","Male","LGBO","[c]","[c]","[c]","[c]"
"Leaver CS","2021","London","Unknown","Male","Undeclared","[c]","[c]","[c]","[c]"
"Leaver CS","2021","London","Unknown","Male","Unknown","15","[c]","[c]","[c]"
"Leaver CS","2021","London","Unknown","Unknown","Heterosexual / straight","[c]","[c]","[c]","[c]"
"Leaver CS","2021","London","Unknown","Unknown","LGBO","[c]","[c]","[c]","[c]"
"Leaver CS","2021","London","Unknown","Unknown","Unknown","[c]","[c]","[c]","[c]"
"Leaver CS","2021","North East (England)","AA/AO","Female","Heterosexual / straight","190","[c]","20450","21010"
"Leaver CS","2021","North East (England)","AA/AO","Female","LGBO","[c]","[c]","[c]","[c]"
"Leaver CS","2021","North East (England)","AA/AO","Female","Undeclared","20","[c]","[c]","[c]"
"Leaver CS","2021","North East (England)","AA/AO","Female","Unknown","415","[c]","20490","21010"
"Leaver CS","2021","North East (England)","AA/AO","Male","Heterosexual / straight","145","[c]","20630","21010"
"Leaver CS","2021","North East (England)","AA/AO","Male","LGBO","10","[c]","[c]","[c]"
"Leaver CS","2021","North East (England)","AA/AO","Male","Undeclared","15","[c]","[c]","[c]"
"Leaver CS","2021","North East (England)","AA/AO","Male","Unknown","215","[c]","20610","21010"
"Leaver CS","2021","North East (England)","AA/AO","Unknown","Heterosexual / straight","[c]","[c]","[c]","[c]"
"Leaver CS","2021","North East (England)","AA/AO","Unknown","LGBO","[c]","[c]","[c]","[c]"
"Leaver CS","2021","North East (England)","EO","Female","Heterosexual / straight","70","[c]","27260","27570"
"Leaver CS","2021","North East (England)","EO","Female","LGBO","[c]","[c]","[c]","[c]"
"Leaver CS","2021","North East (England)","EO","Female","Undeclared","10","[c]","[c]","[c]"
"Leaver CS","2021","North East (England)","EO","Female","Unknown","130","[c]","26710","27570"
"Leaver CS","2021","North East (England)","EO","Male","Heterosexual / straight","45","[c]","26630","27130"
"Leaver CS","2021","North East (England)","EO","Male","LGBO","[c]","[c]","[c]","[c]"
"Leaver CS","2021","North East (England)","EO","Male","Undeclared","5","[c]","[c]","[c]"
"Leaver CS","2021","North East (England)","EO","Male","Unknown","85","[c]","26340","27230"
"Leaver CS","2021","North East (England)","EO","Unknown","Heterosexual / straight","[c]","[c]","[c]","[c]"
"Leaver CS","2021","North East (England)","EO","Unknown","LGBO","[c]","[c]","[c]","[c]"
"Leaver CS","2021","North East (England)","EO","Unknown","Unknown","[c]","[c]","[c]","[c]"
"Leaver CS","2021","North East (England)","G6/G7","Female","Heterosexual / straight","15","[c]","[c]","[c]"
"Leaver CS","2021","North East (England)","G6/G7","Female","LGBO","[c]","[c]","[c]","[c]"
"Leaver CS","2021","North East (England)","G6/G7","Female","Undeclared","[c]","[c]","[c]","[c]"
"Leaver CS","2021","North East (England)","G6/G7","Female","Unknown","15","[c]","[c]","[c]"
"Leaver CS","2021","North East (England)","G6/G7","Male","Heterosexual / straight","20","[c]","[c]","[c]"
"Leaver CS","2021","North East (England)","G6/G7","Male","LGBO","[c]","[c]","[c]","[c]"
"Leaver CS","2021","North East (England)","G6/G7","Male","Undeclared","[c]","[c]","[c]","[c]"
"Leaver CS","2021","North East (England)","G6/G7","Male","Unknown","15","[c]","[c]","[c]"
"Leaver CS","2021","North East (England)","G6/G7","Unknown","Heterosexual / straight","[c]","[c]","[c]","[c]"
"Leaver CS","2021","North East (England)","G6/G7","Unknown","LGBO","[c]","[c]","[c]","[c]"
"Leaver CS","2021","North East (England)","SCS level","Female","Heterosexual / straight","[c]","[c]","[c]","[c]"
"Leaver CS","2021","North East (England)","SCS level","Female","LGBO","[c]","[c]","[c]","[c]"
"Leaver CS","2021","North East (England)","SCS level","Female","Undeclared","[c]","[c]","[c]","[c]"
"Leaver CS","2021","North East (England)","SCS level","Female","Unknown","[c]","[c]","[c]","[c]"
"Leaver CS","2021","North East (England)","SCS level","Male","Heterosexual / straight","[c]","[c]","[c]","[c]"
"Leaver CS","2021","North East (England)","SCS level","Male","LGBO","[c]","[c]","[c]","[c]"
"Leaver CS","2021","North East (England)","SCS level","Male","Undeclared","[c]","[c]","[c]","[c]"
"Leaver CS","2021","North East (England)","SCS level","Male","Unknown","[c]","[c]","[c]","[c]"
"Leaver CS","2021","North East (England)","SCS level","Unknown","Heterosexual / straight","[c]","[c]","[c]","[c]"
"Leaver CS","2021","North East (England)","SCS level","Unknown","LGBO","[c]","[c]","[c]","[c]"
"Leaver CS","2021","North East (England)","SEO/HEO","Female","Heterosexual / straight","45","[c]","37450","36890"
"Leaver CS","2021","North East (England)","SEO/HEO","Female","LGBO","[c]","[c]","[c]","[c]"
"Leaver CS","2021","North East (England)","SEO/HEO","Female","Undeclared","5","[c]","[c]","[c]"
"Leaver CS","2021","North East (England)","SEO/HEO","Female","Unknown","45","[c]","[c]","[c]"
"Leaver CS","2021","North East (England)","SEO/HEO","Male","Heterosexual / straight","40","[c]","36850","34990"
"Leaver CS","2021","North East (England)","SEO/HEO","Male","LGBO","[c]","[c]","[c]","[c]"
"Leaver CS","2021","North East (England)","SEO/HEO","Male","Undeclared","5","[c]","[c]","[c]"
"Leaver CS","2021","North East (England)","SEO/HEO","Male","Unknown","60","[c]","[c]","[c]"
"Leaver CS","2021","North East (England)","SEO/HEO","Unknown","Heterosexual / straight","[c]","[c]","[c]","[c]"
"Leaver CS","2021","North East (England)","SEO/HEO","Unknown","LGBO","[c]","[c]","[c]","[c]"
"Leaver CS","2021","North East (England)","SEO/HEO","Unknown","Unknown","[c]","[c]","[c]","[c]"
"Leaver CS","2021","North East (England)","Unknown","Female","Heterosexual / straight","25","[c]","[c]","[c]"
"Leaver CS","2021","North East (England)","Unknown","Female","LGBO","[c]","[c]","[c]","[c]"
"Leaver CS","2021","North East (England)","Unknown","Female","Undeclared","[c]","[c]","[c]","[c]"
"Leaver CS","2021","North East (England)","Unknown","Female","Unknown","[c]","[c]","[c]","[c]"
"Leaver CS","2021","North East (England)","Unknown","Male","Heterosexual / straight","5","[c]","[c]","[c]"
"Leaver CS","2021","North East (England)","Unknown","Male","LGBO","[c]","[c]","[c]","[c]"
"Leaver CS","2021","North East (England)","Unknown","Male","Undeclared","[c]","[c]","[c]","[c]"
"Leaver CS","2021","North East (England)","Unknown","Male","Unknown","[c]","[c]","[c]","[c]"
"Leaver CS","2021","North East (England)","Unknown","Unknown","Heterosexual / straight","[c]","[c]","[c]","[c]"
"Leaver CS","2021","North East (England)","Unknown","Unknown","LGBO","[c]","[c]","[c]","[c]"
"Leaver CS","2021","North West (England)","AA/AO","Female","Heterosexual / straight","365","[c]","20610","21010"
"Leaver CS","2021","North West (England)","AA/AO","Female","LGBO","20","[c]","[c]","[c]"
"Leaver CS","2021","North West (England)","AA/AO","Female","Undeclared","35","[c]","[c]","[c]"
"Leaver CS","2021","North West (England)","AA/AO","Female","Unknown","385","[c]","20470","21010"
"Leaver CS","2021","North West (England)","AA/AO","Male","Heterosexual / straight","250","[c]","20490","21010"
"Leaver CS","2021","North West (England)","AA/AO","Male","LGBO","20","[c]","[c]","[c]"
"Leaver CS","2021","North West (England)","AA/AO","Male","Undeclared","30","[c]","[c]","[c]"
"Leaver CS","2021","North West (England)","AA/AO","Male","Unknown","290","[c]","20920","21010"
"Leaver CS","2021","North West (England)","AA/AO","Unknown","Heterosexual / straight","[c]","[c]","[c]","[c]"
"Leaver CS","2021","North West (England)","AA/AO","Unknown","LGBO","[c]","[c]","[c]","[c]"
"Leaver CS","2021","North West (England)","EO","Female","Heterosexual / straight","180","[c]","26420","27130"
"Leaver CS","2021","North West (England)","EO","Female","LGBO","10","[c]","[c]","[c]"
"Leaver CS","2021","North West (England)","EO","Female","Undeclared","20","[c]","[c]","[c]"
"Leaver CS","2021","North West (England)","EO","Female","Unknown","160","[c]","27060","27570"
"Leaver CS","2021","North West (England)","EO","Male","Heterosexual / straight","150","[c]","25950","26380"
"Leaver CS","2021","North West (England)","EO","Male","LGBO","15","[c]","[c]","[c]"
"Leaver CS","2021","North West (England)","EO","Male","Undeclared","25","[c]","[c]","[c]"
"Leaver CS","2021","North West (England)","EO","Male","Unknown","115","[c]","26170","27570"
"Leaver CS","2021","North West (England)","EO","Unknown","Heterosexual / straight","[c]","[c]","[c]","[c]"
"Leaver CS","2021","North West (England)","EO","Unknown","LGBO","[c]","[c]","[c]","[c]"
"Leaver CS","2021","North West (England)","G6/G7","Female","Heterosexual / straight","45","[c]","59390","55610"
"Leaver CS","2021","North West (England)","G6/G7","Female","LGBO","[c]","[c]","[c]","[c]"
"Leaver CS","2021","North West (England)","G6/G7","Female","Undeclared","5","[c]","[c]","[c]"
"Leaver CS","2021","North West (England)","G6/G7","Female","Unknown","35","[c]","[c]","[c]"
"Leaver CS","2021","North West (England)","G6/G7","Male","Heterosexual / straight","40","[c]","60070","55610"
"Leaver CS","2021","North West (England)","G6/G7","Male","LGBO","5","[c]","[c]","[c]"
"Leaver CS","2021","North West (England)","G6/G7","Male","Undeclared","[c]","[c]","[c]","[c]"
"Leaver CS","2021","North West (England)","G6/G7","Male","Unknown","30","[c]","[c]","[c]"
"Leaver CS","2021","North West (England)","G6/G7","Unknown","Heterosexual / straight","[c]","[c]","[c]","[c]"
"Leaver CS","2021","North West (England)","G6/G7","Unknown","LGBO","[c]","[c]","[c]","[c]"
"Leaver CS","2021","North West (England)","G6/G7","Unknown","Unknown","[c]","[c]","[c]","[c]"
"Leaver CS","2021","North West (England)","SCS level","Female","Heterosexual / straight","5","[c]","[c]","[c]"
"Leaver CS","2021","North West (England)","SCS level","Female","LGBO","[c]","[c]","[c]","[c]"
"Leaver CS","2021","North West (England)","SCS level","Female","Undeclared","[c]","[c]","[c]","[c]"
"Leaver CS","2021","North West (England)","SCS level","Female","Unknown","[c]","[c]","[c]","[c]"
"Leaver CS","2021","North West (England)","SCS level","Male","Heterosexual / straight","5","[c]","[c]","[c]"
"Leaver CS","2021","North West (England)","SCS level","Male","LGBO","[c]","[c]","[c]","[c]"
"Leaver CS","2021","North West (England)","SCS level","Male","Undeclared","[c]","[c]","[c]","[c]"
"Leaver CS","2021","North West (England)","SCS level","Male","Unknown","[c]","[c]","[c]","[c]"
"Leaver CS","2021","North West (England)","SCS level","Unknown","Heterosexual / straight","[c]","[c]","[c]","[c]"
"Leaver CS","2021","North West (England)","SCS level","Unknown","LGBO","[c]","[c]","[c]","[c]"
"Leaver CS","2021","North West (England)","SEO/HEO","Female","Heterosexual / straight","100","[c]","35530","34480"
"Leaver CS","2021","North West (England)","SEO/HEO","Female","LGBO","5","[c]","[c]","[c]"
"Leaver CS","2021","North West (England)","SEO/HEO","Female","Undeclared","15","[c]","[c]","[c]"
"Leaver CS","2021","North West (England)","SEO/HEO","Female","Unknown","85","[c]","35300","33700"
"Leaver CS","2021","North West (England)","SEO/HEO","Male","Heterosexual / straight","95","[c]","36540","34290"
"Leaver CS","2021","North West (England)","SEO/HEO","Male","LGBO","[c]","[c]","[c]","[c]"
"Leaver CS","2021","North West (England)","SEO/HEO","Male","Undeclared","15","[c]","[c]","[c]"
"Leaver CS","2021","North West (England)","SEO/HEO","Male","Unknown","75","[c]","[c]","[c]"
"Leaver CS","2021","North West (England)","SEO/HEO","Unknown","Heterosexual / straight","[c]","[c]","[c]","[c]"
"Leaver CS","2021","North West (England)","SEO/HEO","Unknown","LGBO","[c]","[c]","[c]","[c]"
"Leaver CS","2021","North West (England)","Unknown","Female","Heterosexual / straight","50","[c]","[c]","[c]"
"Leaver CS","2021","North West (England)","Unknown","Female","LGBO","[c]","[c]","[c]","[c]"
"Leaver CS","2021","North West (England)","Unknown","Female","Undeclared","10","[c]","[c]","[c]"
"Leaver CS","2021","North West (England)","Unknown","Female","Unknown","20","[c]","[c]","[c]"
"Leaver CS","2021","North West (England)","Unknown","Male","Heterosexual / straight","25","[c]","[c]","[c]"
"Leaver CS","2021","North West (England)","Unknown","Male","LGBO","5","[c]","[c]","[c]"
"Leaver CS","2021","North West (England)","Unknown","Male","Undeclared","5","[c]","[c]","[c]"
"Leaver CS","2021","North West (England)","Unknown","Male","Unknown","10","[c]","[c]","[c]"
"Leaver CS","2021","North West (England)","Unknown","Unknown","Heterosexual / straight","[c]","[c]","[c]","[c]"
"Leaver CS","2021","North West (England)","Unknown","Unknown","LGBO","[c]","[c]","[c]","[c]"
"Leaver CS","2021","Northern Ireland","AA/AO","Female","Heterosexual / straight","20","[c]","[c]","[c]"
"Leaver CS","2021","Northern Ireland","AA/AO","Female","LGBO","[c]","[c]","[c]","[c]"
"Leaver CS","2021","Northern Ireland","AA/AO","Female","Undeclared","[c]","[c]","[c]","[c]"
"Leaver CS","2021","Northern Ireland","AA/AO","Female","Unknown","35","[c]","[c]","[c]"
"Leaver CS","2021","Northern Ireland","AA/AO","Male","Heterosexual / straight","25","[c]","[c]","[c]"
"Leaver CS","2021","Northern Ireland","AA/AO","Male","LGBO","[c]","[c]","[c]","[c]"
"Leaver CS","2021","Northern Ireland","AA/AO","Male","Undeclared","[c]","[c]","[c]","[c]"
"Leaver CS","2021","Northern Ireland","AA/AO","Male","Unknown","25","[c]","[c]","[c]"
"Leaver CS","2021","Northern Ireland","AA/AO","Unknown","Heterosexual / straight","[c]","[c]","[c]","[c]"
"Leaver CS","2021","Northern Ireland","AA/AO","Unknown","LGBO","[c]","[c]","[c]","[c]"
"Leaver CS","2021","Northern Ireland","EO","Female","Heterosexual / straight","[c]","[c]","[c]","[c]"
"Leaver CS","2021","Northern Ireland","EO","Female","LGBO","[c]","[c]","[c]","[c]"
"Leaver CS","2021","Northern Ireland","EO","Female","Undeclared","[c]","[c]","[c]","[c]"
"Leaver CS","2021","Northern Ireland","EO","Female","Unknown","25","[c]","[c]","[c]"
"Leaver CS","2021","Northern Ireland","EO","Male","Heterosexual / straight","5","[c]","[c]","[c]"
"Leaver CS","2021","Northern Ireland","EO","Male","LGBO","[c]","[c]","[c]","[c]"
"Leaver CS","2021","Northern Ireland","EO","Male","Undeclared","[c]","[c]","[c]","[c]"
"Leaver CS","2021","Northern Ireland","EO","Male","Unknown","15","[c]","[c]","[c]"
"Leaver CS","2021","Northern Ireland","EO","Unknown","Heterosexual / straight","[c]","[c]","[c]","[c]"
"Leaver CS","2021","Northern Ireland","EO","Unknown","LGBO","[c]","[c]","[c]","[c]"
"Leaver CS","2021","Northern Ireland","G6/G7","Female","Heterosexual / straight","[c]","[c]","[c]","[c]"
"Leaver CS","2021","Northern Ireland","G6/G7","Female","LGBO","[c]","[c]","[c]","[c]"
"Leaver CS","2021","Northern Ireland","G6/G7","Female","Undeclared","[c]","[c]","[c]","[c]"
"Leaver CS","2021","Northern Ireland","G6/G7","Female","Unknown","[c]","[c]","[c]","[c]"
"Leaver CS","2021","Northern Ireland","G6/G7","Male","Heterosexual / straight","[c]","[c]","[c]","[c]"
"Leaver CS","2021","Northern Ireland","G6/G7","Male","LGBO","[c]","[c]","[c]","[c]"
"Leaver CS","2021","Northern Ireland","G6/G7","Male","Undeclared","[c]","[c]","[c]","[c]"
"Leaver CS","2021","Northern Ireland","G6/G7","Male","Unknown","[c]","[c]","[c]","[c]"
"Leaver CS","2021","Northern Ireland","G6/G7","Unknown","Heterosexual / straight","[c]","[c]","[c]","[c]"
"Leaver CS","2021","Northern Ireland","G6/G7","Unknown","LGBO","[c]","[c]","[c]","[c]"
"Leaver CS","2021","Northern Ireland","SEO/HEO","Female","Heterosexual / straight","5","[c]","[c]","[c]"
"Leaver CS","2021","Northern Ireland","SEO/HEO","Female","LGBO","[c]","[c]","[c]","[c]"
"Leaver CS","2021","Northern Ireland","SEO/HEO","Female","Undeclared","[c]","[c]","[c]","[c]"
"Leaver CS","2021","Northern Ireland","SEO/HEO","Female","Unknown","15","[c]","[c]","[c]"
"Leaver CS","2021","Northern Ireland","SEO/HEO","Male","Heterosexual / straight","5","[c]","[c]","[c]"
"Leaver CS","2021","Northern Ireland","SEO/HEO","Male","LGBO","[c]","[c]","[c]","[c]"
"Leaver CS","2021","Northern Ireland","SEO/HEO","Male","Undeclared","[c]","[c]","[c]","[c]"
"Leaver CS","2021","Northern Ireland","SEO/HEO","Male","Unknown","10","[c]","[c]","[c]"
"Leaver CS","2021","Northern Ireland","SEO/HEO","Unknown","Heterosexual / straight","[c]","[c]","[c]","[c]"
"Leaver CS","2021","Northern Ireland","SEO/HEO","Unknown","LGBO","[c]","[c]","[c]","[c]"
"Leaver CS","2021","Overseas","AA/AO","Female","Heterosexual / straight","[c]","[c]","[c]","[c]"
"Leaver CS","2021","Overseas","AA/AO","Female","LGBO","[c]","[c]","[c]","[c]"
"Leaver CS","2021","Overseas","AA/AO","Female","Undeclared","[c]","[c]","[c]","[c]"
"Leaver CS","2021","Overseas","AA/AO","Female","Unknown","[c]","[c]","[c]","[c]"
"Leaver CS","2021","Overseas","AA/AO","Male","Heterosexual / straight","[c]","[c]","[c]","[c]"
"Leaver CS","2021","Overseas","AA/AO","Male","LGBO","[c]","[c]","[c]","[c]"
"Leaver CS","2021","Overseas","AA/AO","Male","Undeclared","[c]","[c]","[c]","[c]"
"Leaver CS","2021","Overseas","AA/AO","Male","Unknown","[c]","[c]","[c]","[c]"
"Leaver CS","2021","Overseas","AA/AO","Unknown","Heterosexual / straight","[c]","[c]","[c]","[c]"
"Leaver CS","2021","Overseas","AA/AO","Unknown","LGBO","[c]","[c]","[c]","[c]"
"Leaver CS","2021","Overseas","EO","Female","Heterosexual / straight","[c]","[c]","[c]","[c]"
"Leaver CS","2021","Overseas","EO","Female","LGBO","[c]","[c]","[c]","[c]"
"Leaver CS","2021","Overseas","EO","Female","Undeclared","[c]","[c]","[c]","[c]"
"Leaver CS","2021","Overseas","EO","Female","Unknown","[c]","[c]","[c]","[c]"
"Leaver CS","2021","Overseas","EO","Male","Heterosexual / straight","[c]","[c]","[c]","[c]"
"Leaver CS","2021","Overseas","EO","Male","LGBO","[c]","[c]","[c]","[c]"
"Leaver CS","2021","Overseas","EO","Male","Undeclared","[c]","[c]","[c]","[c]"
"Leaver CS","2021","Overseas","EO","Male","Unknown","[c]","[c]","[c]","[c]"
"Leaver CS","2021","Overseas","EO","Unknown","Heterosexual / straight","[c]","[c]","[c]","[c]"
"Leaver CS","2021","Overseas","EO","Unknown","LGBO","[c]","[c]","[c]","[c]"
"Leaver CS","2021","Overseas","G6/G7","Female","Heterosexual / straight","[c]","[c]","[c]","[c]"
"Leaver CS","2021","Overseas","G6/G7","Female","LGBO","[c]","[c]","[c]","[c]"
"Leaver CS","2021","Overseas","G6/G7","Female","Undeclared","[c]","[c]","[c]","[c]"
"Leaver CS","2021","Overseas","G6/G7","Female","Unknown","5","[c]","[c]","[c]"
"Leaver CS","2021","Overseas","G6/G7","Male","Heterosexual / straight","10","[c]","[c]","[c]"
"Leaver CS","2021","Overseas","G6/G7","Male","LGBO","[c]","[c]","[c]","[c]"
"Leaver CS","2021","Overseas","G6/G7","Male","Undeclared","[c]","[c]","[c]","[c]"
"Leaver CS","2021","Overseas","G6/G7","Male","Unknown","5","[c]","[c]","[c]"
"Leaver CS","2021","Overseas","G6/G7","Unknown","Heterosexual / straight","[c]","[c]","[c]","[c]"
"Leaver CS","2021","Overseas","G6/G7","Unknown","LGBO","[c]","[c]","[c]","[c]"
"Leaver CS","2021","Overseas","SCS level","Female","Heterosexual / straight","[c]","[c]","[c]","[c]"
"Leaver CS","2021","Overseas","SCS level","Female","LGBO","[c]","[c]","[c]","[c]"
"Leaver CS","2021","Overseas","SCS level","Female","Undeclared","[c]","[c]","[c]","[c]"
"Leaver CS","2021","Overseas","SCS level","Female","Unknown","[c]","[c]","[c]","[c]"
"Leaver CS","2021","Overseas","SCS level","Male","Heterosexual / straight","[c]","[c]","[c]","[c]"
"Leaver CS","2021","Overseas","SCS level","Male","LGBO","[c]","[c]","[c]","[c]"
"Leaver CS","2021","Overseas","SCS level","Male","Undeclared","[c]","[c]","[c]","[c]"
"Leaver CS","2021","Overseas","SCS level","Male","Unknown","10","[c]","[c]","[c]"
"Leaver CS","2021","Overseas","SCS level","Unknown","Heterosexual / straight","[c]","[c]","[c]","[c]"
"Leaver CS","2021","Overseas","SCS level","Unknown","LGBO","[c]","[c]","[c]","[c]"
"Leaver CS","2021","Overseas","SEO/HEO","Female","Heterosexual / straight","30","[c]","35640","36960"
"Leaver CS","2021","Overseas","SEO/HEO","Female","LGBO","[c]","[c]","[c]","[c]"
"Leaver CS","2021","Overseas","SEO/HEO","Female","Undeclared","[c]","[c]","[c]","[c]"
"Leaver CS","2021","Overseas","SEO/HEO","Female","Unknown","25","[c]","[c]","[c]"
"Leaver CS","2021","Overseas","SEO/HEO","Male","Heterosexual / straight","15","[c]","[c]","[c]"
"Leaver CS","2021","Overseas","SEO/HEO","Male","LGBO","[c]","[c]","[c]","[c]"
"Leaver CS","2021","Overseas","SEO/HEO","Male","Undeclared","[c]","[c]","[c]","[c]"
"Leaver CS","2021","Overseas","SEO/HEO","Male","Unknown","10","[c]","[c]","[c]"
"Leaver CS","2021","Overseas","SEO/HEO","Unknown","Heterosexual / straight","[c]","[c]","[c]","[c]"
"Leaver CS","2021","Overseas","SEO/HEO","Unknown","LGBO","[c]","[c]","[c]","[c]"
"Leaver CS","2021","Overseas","Unknown","Female","Heterosexual / straight","[c]","[c]","[c]","[c]"
"Leaver CS","2021","Overseas","Unknown","Female","LGBO","[c]","[c]","[c]","[c]"
"Leaver CS","2021","Overseas","Unknown","Female","Undeclared","[c]","[c]","[c]","[c]"
"Leaver CS","2021","Overseas","Unknown","Female","Unknown","[c]","[c]","[c]","[c]"
"Leaver CS","2021","Overseas","Unknown","Male","Heterosexual / straight","[c]","[c]","[c]","[c]"
"Leaver CS","2021","Overseas","Unknown","Male","LGBO","[c]","[c]","[c]","[c]"
"Leaver CS","2021","Overseas","Unknown","Male","Undeclared","[c]","[c]","[c]","[c]"
"Leaver CS","2021","Overseas","Unknown","Male","Unknown","[c]","[c]","[c]","[c]"
"Leaver CS","2021","Overseas","Unknown","Unknown","Heterosexual / straight","[c]","[c]","[c]","[c]"
"Leaver CS","2021","Overseas","Unknown","Unknown","LGBO","[c]","[c]","[c]","[c]"
"Leaver CS","2021","Scotland","AA/AO","Female","Heterosexual / straight","185","[c]","21640","21010"
"Leaver CS","2021","Scotland","AA/AO","Female","LGBO","10","[c]","[c]","[c]"
"Leaver CS","2021","Scotland","AA/AO","Female","Undeclared","55","[c]","22280","21150"
"Leaver CS","2021","Scotland","AA/AO","Female","Unknown","395","[c]","21740","21010"
"Leaver CS","2021","Scotland","AA/AO","Male","Heterosexual / straight","145","[c]","23860","21010"
"Leaver CS","2021","Scotland","AA/AO","Male","LGBO","5","[c]","[c]","[c]"
"Leaver CS","2021","Scotland","AA/AO","Male","Undeclared","50","[c]","22590","20790"
"Leaver CS","2021","Scotland","AA/AO","Male","Unknown","250","[c]","22880","21430"
"Leaver CS","2021","Scotland","AA/AO","Unknown","Heterosexual / straight","[c]","[c]","[c]","[c]"
"Leaver CS","2021","Scotland","AA/AO","Unknown","LGBO","[c]","[c]","[c]","[c]"
"Leaver CS","2021","Scotland","EO","Female","Heterosexual / straight","100","[c]","27480","27570"
"Leaver CS","2021","Scotland","EO","Female","LGBO","10","[c]","[c]","[c]"
"Leaver CS","2021","Scotland","EO","Female","Undeclared","25","[c]","[c]","[c]"
"Leaver CS","2021","Scotland","EO","Female","Unknown","150","[c]","27850","27570"
"Leaver CS","2021","Scotland","EO","Male","Heterosexual / straight","105","[c]","29030","27570"
"Leaver CS","2021","Scotland","EO","Male","LGBO","5","[c]","[c]","[c]"
"Leaver CS","2021","Scotland","EO","Male","Undeclared","25","[c]","[c]","[c]"
"Leaver CS","2021","Scotland","EO","Male","Unknown","170","[c]","29770","29140"
"Leaver CS","2021","Scotland","EO","Unknown","Heterosexual / straight","[c]","[c]","[c]","[c]"
"Leaver CS","2021","Scotland","EO","Unknown","LGBO","[c]","[c]","[c]","[c]"
"Leaver CS","2021","Scotland","G6/G7","Female","Heterosexual / straight","30","[c]","63850","63870"
"Leaver CS","2021","Scotland","G6/G7","Female","LGBO","[c]","[c]","[c]","[c]"
"Leaver CS","2021","Scotland","G6/G7","Female","Undeclared","5","[c]","[c]","[c]"
"Leaver CS","2021","Scotland","G6/G7","Female","Unknown","40","[c]","64110","63940"
"Leaver CS","2021","Scotland","G6/G7","Male","Heterosexual / straight","40","[c]","66630","62470"
"Leaver CS","2021","Scotland","G6/G7","Male","LGBO","[c]","[c]","[c]","[c]"
"Leaver CS","2021","Scotland","G6/G7","Male","Undeclared","5","[c]","[c]","[c]"
"Leaver CS","2021","Scotland","G6/G7","Male","Unknown","45","[c]","61490","60160"
"Leaver CS","2021","Scotland","G6/G7","Unknown","Heterosexual / straight","[c]","[c]","[c]","[c]"
"Leaver CS","2021","Scotland","G6/G7","Unknown","LGBO","[c]","[c]","[c]","[c]"
"Leaver CS","2021","Scotland","SCS level","Female","Heterosexual / straight","[c]","[c]","[c]","[c]"
"Leaver CS","2021","Scotland","SCS level","Female","LGBO","[c]","[c]","[c]","[c]"
"Leaver CS","2021","Scotland","SCS level","Female","Undeclared","[c]","[c]","[c]","[c]"
"Leaver CS","2021","Scotland","SCS level","Female","Unknown","[c]","[c]","[c]","[c]"
"Leaver CS","2021","Scotland","SCS level","Male","Heterosexual / straight","10","[c]","[c]","[c]"
"Leaver CS","2021","Scotland","SCS level","Male","LGBO","[c]","[c]","[c]","[c]"
"Leaver CS","2021","Scotland","SCS level","Male","Undeclared","[c]","[c]","[c]","[c]"
"Leaver CS","2021","Scotland","SCS level","Male","Unknown","5","[c]","[c]","[c]"
"Leaver CS","2021","Scotland","SCS level","Unknown","Heterosexual / straight","[c]","[c]","[c]","[c]"
"Leaver CS","2021","Scotland","SCS level","Unknown","LGBO","[c]","[c]","[c]","[c]"
"Leaver CS","2021","Scotland","SEO/HEO","Female","Heterosexual / straight","80","[c]","38090","36530"
"Leaver CS","2021","Scotland","SEO/HEO","Female","LGBO","5","[c]","[c]","[c]"
"Leaver CS","2021","Scotland","SEO/HEO","Female","Undeclared","20","[c]","[c]","[c]"
"Leaver CS","2021","Scotland","SEO/HEO","Female","Unknown","85","[c]","38430","38540"
"Leaver CS","2021","Scotland","SEO/HEO","Male","Heterosexual / straight","115","[c]","39730","38000"
"Leaver CS","2021","Scotland","SEO/HEO","Male","LGBO","[c]","[c]","[c]","[c]"
"Leaver CS","2021","Scotland","SEO/HEO","Male","Undeclared","30","[c]","38540","37880"
"Leaver CS","2021","Scotland","SEO/HEO","Male","Unknown","125","[c]","40900","39500"
"Leaver CS","2021","Scotland","SEO/HEO","Unknown","Heterosexual / straight","[c]","[c]","[c]","[c]"
"Leaver CS","2021","Scotland","SEO/HEO","Unknown","LGBO","[c]","[c]","[c]","[c]"
"Leaver CS","2021","Scotland","Unknown","Female","Heterosexual / straight","[c]","[c]","[c]","[c]"
"Leaver CS","2021","Scotland","Unknown","Female","LGBO","[c]","[c]","[c]","[c]"
"Leaver CS","2021","Scotland","Unknown","Female","Undeclared","[c]","[c]","[c]","[c]"
"Leaver CS","2021","Scotland","Unknown","Female","Unknown","[c]","[c]","[c]","[c]"
"Leaver CS","2021","Scotland","Unknown","Male","Heterosexual / straight","[c]","[c]","[c]","[c]"
"Leaver CS","2021","Scotland","Unknown","Male","LGBO","[c]","[c]","[c]","[c]"
"Leaver CS","2021","Scotland","Unknown","Male","Undeclared","[c]","[c]","[c]","[c]"
"Leaver CS","2021","Scotland","Unknown","Male","Unknown","[c]","[c]","[c]","[c]"
"Leaver CS","2021","Scotland","Unknown","Unknown","Heterosexual / straight","[c]","[c]","[c]","[c]"
"Leaver CS","2021","Scotland","Unknown","Unknown","LGBO","[c]","[c]","[c]","[c]"
"Leaver CS","2021","South East (England)","AA/AO","Female","Heterosexual / straight","335","[c]","21070","21010"
"Leaver CS","2021","South East (England)","AA/AO","Female","LGBO","35","[c]","[c]","[c]"
"Leaver CS","2021","South East (England)","AA/AO","Female","Undeclared","50","[c]","21570","21010"
"Leaver CS","2021","South East (England)","AA/AO","Female","Unknown","265","[c]","20950","20860"
"Leaver CS","2021","South East (England)","AA/AO","Male","Heterosexual / straight","370","[c]","21950","20720"
"Leaver CS","2021","South East (England)","AA/AO","Male","LGBO","20","[c]","[c]","[c]"
"Leaver CS","2021","South East (England)","AA/AO","Male","Undeclared","45","[c]","[c]","[c]"
"Leaver CS","2021","South East (England)","AA/AO","Male","Unknown","240","[c]","22110","21010"
"Leaver CS","2021","South East (England)","AA/AO","Unknown","Heterosexual / straight","[c]","[c]","[c]","[c]"
"Leaver CS","2021","South East (England)","AA/AO","Unknown","LGBO","[c]","[c]","[c]","[c]"
"Leaver CS","2021","South East (England)","EO","Female","Heterosexual / straight","125","[c]","27350","27570"
"Leaver CS","2021","South East (England)","EO","Female","LGBO","10","[c]","[c]","[c]"
"Leaver CS","2021","South East (England)","EO","Female","Undeclared","30","[c]","[c]","[c]"
"Leaver CS","2021","South East (England)","EO","Female","Unknown","120","[c]","26030","27570"
"Leaver CS","2021","South East (England)","EO","Male","Heterosexual / straight","180","[c]","28320","27570"
"Leaver CS","2021","South East (England)","EO","Male","LGBO","10","[c]","[c]","[c]"
"Leaver CS","2021","South East (England)","EO","Male","Undeclared","35","[c]","28690","27570"
"Leaver CS","2021","South East (England)","EO","Male","Unknown","95","[c]","27220","27570"
"Leaver CS","2021","South East (England)","EO","Unknown","Heterosexual / straight","[c]","[c]","[c]","[c]"
"Leaver CS","2021","South East (England)","EO","Unknown","LGBO","[c]","[c]","[c]","[c]"
"Leaver CS","2021","South East (England)","G6/G7","Female","Heterosexual / straight","30","[c]","[c]","[c]"
"Leaver CS","2021","South East (England)","G6/G7","Female","LGBO","[c]","[c]","[c]","[c]"
"Leaver CS","2021","South East (England)","G6/G7","Female","Undeclared","5","[c]","[c]","[c]"
"Leaver CS","2021","South East (England)","G6/G7","Female","Unknown","20","[c]","[c]","[c]"
"Leaver CS","2021","South East (England)","G6/G7","Male","Heterosexual / straight","45","[c]","59090","56990"
"Leaver CS","2021","South East (England)","G6/G7","Male","LGBO","[c]","[c]","[c]","[c]"
"Leaver CS","2021","South East (England)","G6/G7","Male","Undeclared","10","[c]","[c]","[c]"
"Leaver CS","2021","South East (England)","G6/G7","Male","Unknown","30","[c]","[c]","[c]"
"Leaver CS","2021","South East (England)","G6/G7","Unknown","Heterosexual / straight","[c]","[c]","[c]","[c]"
"Leaver CS","2021","South East (England)","G6/G7","Unknown","LGBO","[c]","[c]","[c]","[c]"
"Leaver CS","2021","South East (England)","SCS level","Female","Heterosexual / straight","[c]","[c]","[c]","[c]"
"Leaver CS","2021","South East (England)","SCS level","Female","LGBO","[c]","[c]","[c]","[c]"
"Leaver CS","2021","South East (England)","SCS level","Female","Undeclared","[c]","[c]","[c]","[c]"
"Leaver CS","2021","South East (England)","SCS level","Female","Unknown","[c]","[c]","[c]","[c]"
"Leaver CS","2021","South East (England)","SCS level","Male","Heterosexual / straight","[c]","[c]","[c]","[c]"
"Leaver CS","2021","South East (England)","SCS level","Male","LGBO","[c]","[c]","[c]","[c]"
"Leaver CS","2021","South East (England)","SCS level","Male","Undeclared","[c]","[c]","[c]","[c]"
"Leaver CS","2021","South East (England)","SCS level","Male","Unknown","[c]","[c]","[c]","[c]"
"Leaver CS","2021","South East (England)","SCS level","Unknown","Heterosexual / straight","[c]","[c]","[c]","[c]"
"Leaver CS","2021","South East (England)","SCS level","Unknown","LGBO","[c]","[c]","[c]","[c]"
"Leaver CS","2021","South East (England)","SEO/HEO","Female","Heterosexual / straight","120","[c]","35550","34090"
"Leaver CS","2021","South East (England)","SEO/HEO","Female","LGBO","5","[c]","[c]","[c]"
"Leaver CS","2021","South East (England)","SEO/HEO","Female","Undeclared","20","[c]","[c]","[c]"
"Leaver CS","2021","South East (England)","SEO/HEO","Female","Unknown","60","[c]","36750","36270"
"Leaver CS","2021","South East (England)","SEO/HEO","Male","Heterosexual / straight","160","[c]","36370","36030"
"Leaver CS","2021","South East (England)","SEO/HEO","Male","LGBO","5","[c]","[c]","[c]"
"Leaver CS","2021","South East (England)","SEO/HEO","Male","Undeclared","35","[c]","39620","39660"
"Leaver CS","2021","South East (England)","SEO/HEO","Male","Unknown","75","[c]","36220","36740"
"Leaver CS","2021","South East (England)","SEO/HEO","Unknown","Heterosexual / straight","[c]","[c]","[c]","[c]"
"Leaver CS","2021","South East (England)","SEO/HEO","Unknown","LGBO","[c]","[c]","[c]","[c]"
"Leaver CS","2021","South East (England)","Unknown","Female","Heterosexual / straight","50","[c]","[c]","[c]"
"Leaver CS","2021","South East (England)","Unknown","Female","LGBO","[c]","[c]","[c]","[c]"
"Leaver CS","2021","South East (England)","Unknown","Female","Undeclared","[c]","[c]","[c]","[c]"
"Leaver CS","2021","South East (England)","Unknown","Female","Unknown","10","[c]","[c]","[c]"
"Leaver CS","2021","South East (England)","Unknown","Male","Heterosexual / straight","20","[c]","[c]","[c]"
"Leaver CS","2021","South East (England)","Unknown","Male","LGBO","[c]","[c]","[c]","[c]"
"Leaver CS","2021","South East (England)","Unknown","Male","Undeclared","[c]","[c]","[c]","[c]"
"Leaver CS","2021","South East (England)","Unknown","Male","Unknown","[c]","[c]","[c]","[c]"
"Leaver CS","2021","South East (England)","Unknown","Unknown","Heterosexual / straight","[c]","[c]","[c]","[c]"
"Leaver CS","2021","South East (England)","Unknown","Unknown","LGBO","[c]","[c]","[c]","[c]"
"Leaver CS","2021","South West (England)","AA/AO","Female","Heterosexual / straight","250","[c]","20450","20920"
"Leaver CS","2021","South West (England)","AA/AO","Female","LGBO","35","[c]","[c]","[c]"
"Leaver CS","2021","South West (England)","AA/AO","Female","Undeclared","40","[c]","20060","20180"
"Leaver CS","2021","South West (England)","AA/AO","Female","Unknown","120","[c]","20450","21010"
"Leaver CS","2021","South West (England)","AA/AO","Male","Heterosexual / straight","230","[c]","20870","20320"
"Leaver CS","2021","South West (England)","AA/AO","Male","LGBO","20","[c]","[c]","[c]"
"Leaver CS","2021","South West (England)","AA/AO","Male","Undeclared","35","[c]","[c]","[c]"
"Leaver CS","2021","South West (England)","AA/AO","Male","Unknown","130","[c]","20610","20800"
"Leaver CS","2021","South West (England)","AA/AO","Unknown","Heterosexual / straight","[c]","[c]","[c]","[c]"
"Leaver CS","2021","South West (England)","AA/AO","Unknown","LGBO","[c]","[c]","[c]","[c]"
"Leaver CS","2021","South West (England)","EO","Female","Heterosexual / straight","145","[c]","25340","26670"
"Leaver CS","2021","South West (England)","EO","Female","LGBO","10","[c]","[c]","[c]"
"Leaver CS","2021","South West (England)","EO","Female","Undeclared","20","[c]","[c]","[c]"
"Leaver CS","2021","South West (England)","EO","Female","Unknown","90","[c]","26120","27570"
"Leaver CS","2021","South West (England)","EO","Male","Heterosexual / straight","140","[c]","25870","26670"
"Leaver CS","2021","South West (England)","EO","Male","LGBO","10","[c]","[c]","[c]"
"Leaver CS","2021","South West (England)","EO","Male","Undeclared","20","[c]","[c]","[c]"
"Leaver CS","2021","South West (England)","EO","Male","Unknown","90","[c]","24900","26710"
"Leaver CS","2021","South West (England)","EO","Unknown","Heterosexual / straight","[c]","[c]","[c]","[c]"
"Leaver CS","2021","South West (England)","EO","Unknown","LGBO","[c]","[c]","[c]","[c]"
"Leaver CS","2021","South West (England)","G6/G7","Female","Heterosexual / straight","40","[c]","57530","54270"
"Leaver CS","2021","South West (England)","G6/G7","Female","LGBO","[c]","[c]","[c]","[c]"
"Leaver CS","2021","South West (England)","G6/G7","Female","Undeclared","5","[c]","[c]","[c]"
"Leaver CS","2021","South West (England)","G6/G7","Female","Unknown","25","[c]","[c]","[c]"
"Leaver CS","2021","South West (England)","G6/G7","Male","Heterosexual / straight","80","[c]","58060","54540"
"Leaver CS","2021","South West (England)","G6/G7","Male","LGBO","[c]","[c]","[c]","[c]"
"Leaver CS","2021","South West (England)","G6/G7","Male","Undeclared","10","[c]","[c]","[c]"
"Leaver CS","2021","South West (England)","G6/G7","Male","Unknown","55","[c]","58260","58260"
"Leaver CS","2021","South West (England)","G6/G7","Unknown","Heterosexual / straight","[c]","[c]","[c]","[c]"
"Leaver CS","2021","South West (England)","G6/G7","Unknown","LGBO","[c]","[c]","[c]","[c]"
"Leaver CS","2021","South West (England)","SCS level","Female","Heterosexual / straight","10","[c]","[c]","[c]"
"Leaver CS","2021","South West (England)","SCS level","Female","LGBO","[c]","[c]","[c]","[c]"
"Leaver CS","2021","South West (England)","SCS level","Female","Undeclared","[c]","[c]","[c]","[c]"
"Leaver CS","2021","South West (England)","SCS level","Female","Unknown","[c]","[c]","[c]","[c]"
"Leaver CS","2021","South West (England)","SCS level","Male","Heterosexual / straight","15","[c]","[c]","[c]"
"Leaver CS","2021","South West (England)","SCS level","Male","LGBO","[c]","[c]","[c]","[c]"
"Leaver CS","2021","South West (England)","SCS level","Male","Undeclared","[c]","[c]","[c]","[c]"
"Leaver CS","2021","South West (England)","SCS level","Male","Unknown","[c]","[c]","[c]","[c]"
"Leaver CS","2021","South West (England)","SCS level","Unknown","Heterosexual / straight","[c]","[c]","[c]","[c]"
"Leaver CS","2021","South West (England)","SCS level","Unknown","LGBO","[c]","[c]","[c]","[c]"
"Leaver CS","2021","South West (England)","SEO/HEO","Female","Heterosexual / straight","160","[c]","34860","33300"
"Leaver CS","2021","South West (England)","SEO/HEO","Female","LGBO","5","[c]","[c]","[c]"
"Leaver CS","2021","South West (England)","SEO/HEO","Female","Undeclared","25","[c]","[c]","[c]"
"Leaver CS","2021","South West (England)","SEO/HEO","Female","Unknown","80","[c]","34920","34010"
"Leaver CS","2021","South West (England)","SEO/HEO","Male","Heterosexual / straight","285","[c]","36860","36500"
"Leaver CS","2021","South West (England)","SEO/HEO","Male","LGBO","5","[c]","[c]","[c]"
"Leaver CS","2021","South West (England)","SEO/HEO","Male","Undeclared","45","[c]","38440","37650"
"Leaver CS","2021","South West (England)","SEO/HEO","Male","Unknown","110","[c]","35730","35900"
"Leaver CS","2021","South West (England)","SEO/HEO","Unknown","Heterosexual / straight","[c]","[c]","[c]","[c]"
"Leaver CS","2021","South West (England)","SEO/HEO","Unknown","LGBO","[c]","[c]","[c]","[c]"
"Leaver CS","2021","South West (England)","Unknown","Female","Heterosexual / straight","40","[c]","[c]","[c]"
"Leaver CS","2021","South West (England)","Unknown","Female","LGBO","[c]","[c]","[c]","[c]"
"Leaver CS","2021","South West (England)","Unknown","Female","Undeclared","[c]","[c]","[c]","[c]"
"Leaver CS","2021","South West (England)","Unknown","Female","Unknown","5","[c]","[c]","[c]"
"Leaver CS","2021","South West (England)","Unknown","Male","Heterosexual / straight","35","[c]","[c]","[c]"
"Leaver CS","2021","South West (England)","Unknown","Male","LGBO","[c]","[c]","[c]","[c]"
"Leaver CS","2021","South West (England)","Unknown","Male","Undeclared","10","[c]","[c]","[c]"
"Leaver CS","2021","South West (England)","Unknown","Male","Unknown","5","[c]","[c]","[c]"
"Leaver CS","2021","South West (England)","Unknown","Unknown","Heterosexual / straight","[c]","[c]","[c]","[c]"
"Leaver CS","2021","South West (England)","Unknown","Unknown","LGBO","[c]","[c]","[c]","[c]"
"Leaver CS","2021","Unknown","AA/AO","Female","Heterosexual / straight","5","[c]","[c]","[c]"
"Leaver CS","2021","Unknown","AA/AO","Female","LGBO","[c]","[c]","[c]","[c]"
"Leaver CS","2021","Unknown","AA/AO","Female","Undeclared","[c]","[c]","[c]","[c]"
"Leaver CS","2021","Unknown","AA/AO","Female","Unknown","20","[c]","[c]","[c]"
"Leaver CS","2021","Unknown","AA/AO","Male","Heterosexual / straight","5","[c]","[c]","[c]"
"Leaver CS","2021","Unknown","AA/AO","Male","LGBO","[c]","[c]","[c]","[c]"
"Leaver CS","2021","Unknown","AA/AO","Male","Undeclared","[c]","[c]","[c]","[c]"
"Leaver CS","2021","Unknown","AA/AO","Male","Unknown","15","[c]","[c]","[c]"
"Leaver CS","2021","Unknown","AA/AO","Unknown","Heterosexual / straight","[c]","[c]","[c]","[c]"
"Leaver CS","2021","Unknown","AA/AO","Unknown","LGBO","[c]","[c]","[c]","[c]"
"Leaver CS","2021","Unknown","EO","Female","Heterosexual / straight","5","[c]","[c]","[c]"
"Leaver CS","2021","Unknown","EO","Female","LGBO","[c]","[c]","[c]","[c]"
"Leaver CS","2021","Unknown","EO","Female","Undeclared","[c]","[c]","[c]","[c]"
"Leaver CS","2021","Unknown","EO","Female","Unknown","15","[c]","[c]","[c]"
"Leaver CS","2021","Unknown","EO","Male","Heterosexual / straight","[c]","[c]","[c]","[c]"
"Leaver CS","2021","Unknown","EO","Male","LGBO","[c]","[c]","[c]","[c]"
"Leaver CS","2021","Unknown","EO","Male","Undeclared","[c]","[c]","[c]","[c]"
"Leaver CS","2021","Unknown","EO","Male","Unknown","10","[c]","[c]","[c]"
"Leaver CS","2021","Unknown","EO","Unknown","Heterosexual / straight","[c]","[c]","[c]","[c]"
"Leaver CS","2021","Unknown","EO","Unknown","LGBO","[c]","[c]","[c]","[c]"
"Leaver CS","2021","Unknown","G6/G7","Female","Heterosexual / straight","[c]","[c]","[c]","[c]"
"Leaver CS","2021","Unknown","G6/G7","Female","LGBO","[c]","[c]","[c]","[c]"
"Leaver CS","2021","Unknown","G6/G7","Female","Undeclared","[c]","[c]","[c]","[c]"
"Leaver CS","2021","Unknown","G6/G7","Female","Unknown","20","[c]","[c]","[c]"
"Leaver CS","2021","Unknown","G6/G7","Male","Heterosexual / straight","10","[c]","[c]","[c]"
"Leaver CS","2021","Unknown","G6/G7","Male","LGBO","[c]","[c]","[c]","[c]"
"Leaver CS","2021","Unknown","G6/G7","Male","Undeclared","[c]","[c]","[c]","[c]"
"Leaver CS","2021","Unknown","G6/G7","Male","Unknown","15","[c]","[c]","[c]"
"Leaver CS","2021","Unknown","G6/G7","Unknown","Heterosexual / straight","[c]","[c]","[c]","[c]"
"Leaver CS","2021","Unknown","G6/G7","Unknown","LGBO","[c]","[c]","[c]","[c]"
"Leaver CS","2021","Unknown","SCS level","Female","Heterosexual / straight","[c]","[c]","[c]","[c]"
"Leaver CS","2021","Unknown","SCS level","Female","LGBO","[c]","[c]","[c]","[c]"
"Leaver CS","2021","Unknown","SCS level","Female","Undeclared","[c]","[c]","[c]","[c]"
"Leaver CS","2021","Unknown","SCS level","Female","Unknown","5","[c]","[c]","[c]"
"Leaver CS","2021","Unknown","SCS level","Male","Heterosexual / straight","[c]","[c]","[c]","[c]"
"Leaver CS","2021","Unknown","SCS level","Male","LGBO","[c]","[c]","[c]","[c]"
"Leaver CS","2021","Unknown","SCS level","Male","Undeclared","[c]","[c]","[c]","[c]"
"Leaver CS","2021","Unknown","SCS level","Male","Unknown","15","[c]","[c]","[c]"
"Leaver CS","2021","Unknown","SCS level","Unknown","Heterosexual / straight","[c]","[c]","[c]","[c]"
"Leaver CS","2021","Unknown","SCS level","Unknown","LGBO","[c]","[c]","[c]","[c]"
"Leaver CS","2021","Unknown","SEO/HEO","Female","Heterosexual / straight","[c]","[c]","[c]","[c]"
"Leaver CS","2021","Unknown","SEO/HEO","Female","LGBO","[c]","[c]","[c]","[c]"
"Leaver CS","2021","Unknown","SEO/HEO","Female","Undeclared","[c]","[c]","[c]","[c]"
"Leaver CS","2021","Unknown","SEO/HEO","Female","Unknown","20","[c]","[c]","[c]"
"Leaver CS","2021","Unknown","SEO/HEO","Male","Heterosexual / straight","10","[c]","[c]","[c]"
"Leaver CS","2021","Unknown","SEO/HEO","Male","LGBO","[c]","[c]","[c]","[c]"
"Leaver CS","2021","Unknown","SEO/HEO","Male","Undeclared","[c]","[c]","[c]","[c]"
"Leaver CS","2021","Unknown","SEO/HEO","Male","Unknown","25","[c]","[c]","[c]"
"Leaver CS","2021","Unknown","SEO/HEO","Unknown","Heterosexual / straight","[c]","[c]","[c]","[c]"
"Leaver CS","2021","Unknown","SEO/HEO","Unknown","LGBO","[c]","[c]","[c]","[c]"
"Leaver CS","2021","Unknown","Unknown","Female","Heterosexual / straight","[c]","[c]","[c]","[c]"
"Leaver CS","2021","Unknown","Unknown","Female","LGBO","[c]","[c]","[c]","[c]"
"Leaver CS","2021","Unknown","Unknown","Female","Undeclared","[c]","[c]","[c]","[c]"
"Leaver CS","2021","Unknown","Unknown","Female","Unknown","225","[c]","[c]","[c]"
"Leaver CS","2021","Unknown","Unknown","Male","Heterosexual / straight","[c]","[c]","[c]","[c]"
"Leaver CS","2021","Unknown","Unknown","Male","LGBO","[c]","[c]","[c]","[c]"
"Leaver CS","2021","Unknown","Unknown","Male","Undeclared","[c]","[c]","[c]","[c]"
"Leaver CS","2021","Unknown","Unknown","Male","Unknown","250","[c]","35520","32400"
"Leaver CS","2021","Unknown","Unknown","Unknown","Heterosexual / straight","[c]","[c]","[c]","[c]"
"Leaver CS","2021","Unknown","Unknown","Unknown","LGBO","[c]","[c]","[c]","[c]"
"Leaver CS","2021","Wales","AA/AO","Female","Heterosexual / straight","235","[c]","20560","21010"
"Leaver CS","2021","Wales","AA/AO","Female","LGBO","20","[c]","[c]","[c]"
"Leaver CS","2021","Wales","AA/AO","Female","Undeclared","50","[c]","20300","21010"
"Leaver CS","2021","Wales","AA/AO","Female","Unknown","290","[c]","20360","20500"
"Leaver CS","2021","Wales","AA/AO","Male","Heterosexual / straight","220","[c]","20620","21010"
"Leaver CS","2021","Wales","AA/AO","Male","LGBO","10","[c]","[c]","[c]"
"Leaver CS","2021","Wales","AA/AO","Male","Undeclared","30","[c]","20490","21010"
"Leaver CS","2021","Wales","AA/AO","Male","Unknown","210","[c]","20090","20100"
"Leaver CS","2021","Wales","AA/AO","Unknown","Heterosexual / straight","[c]","[c]","[c]","[c]"
"Leaver CS","2021","Wales","AA/AO","Unknown","LGBO","[c]","[c]","[c]","[c]"
"Leaver CS","2021","Wales","EO","Female","Heterosexual / straight","70","[c]","26740","26910"
"Leaver CS","2021","Wales","EO","Female","LGBO","[c]","[c]","[c]","[c]"
"Leaver CS","2021","Wales","EO","Female","Undeclared","10","[c]","[c]","[c]"
"Leaver CS","2021","Wales","EO","Female","Unknown","110","[c]","[c]","[c]"
"Leaver CS","2021","Wales","EO","Male","Heterosexual / straight","85","[c]","28810","28850"
"Leaver CS","2021","Wales","EO","Male","LGBO","5","[c]","[c]","[c]"
"Leaver CS","2021","Wales","EO","Male","Undeclared","15","[c]","[c]","[c]"
"Leaver CS","2021","Wales","EO","Male","Unknown","100","[c]","26940","27350"
"Leaver CS","2021","Wales","EO","Unknown","Heterosexual / straight","[c]","[c]","[c]","[c]"
"Leaver CS","2021","Wales","EO","Unknown","LGBO","[c]","[c]","[c]","[c]"
"Leaver CS","2021","Wales","G6/G7","Female","Heterosexual / straight","25","[c]","[c]","[c]"
"Leaver CS","2021","Wales","G6/G7","Female","LGBO","[c]","[c]","[c]","[c]"
"Leaver CS","2021","Wales","G6/G7","Female","Undeclared","[c]","[c]","[c]","[c]"
"Leaver CS","2021","Wales","G6/G7","Female","Unknown","10","[c]","[c]","[c]"
"Leaver CS","2021","Wales","G6/G7","Male","Heterosexual / straight","40","[c]","63080","60830"
"Leaver CS","2021","Wales","G6/G7","Male","LGBO","[c]","[c]","[c]","[c]"
"Leaver CS","2021","Wales","G6/G7","Male","Undeclared","10","[c]","[c]","[c]"
"Leaver CS","2021","Wales","G6/G7","Male","Unknown","25","[c]","[c]","[c]"
"Leaver CS","2021","Wales","G6/G7","Unknown","Heterosexual / straight","[c]","[c]","[c]","[c]"
"Leaver CS","2021","Wales","G6/G7","Unknown","LGBO","[c]","[c]","[c]","[c]"
"Leaver CS","2021","Wales","SCS level","Female","Heterosexual / straight","10","[c]","[c]","[c]"
"Leaver CS","2021","Wales","SCS level","Female","LGBO","[c]","[c]","[c]","[c]"
"Leaver CS","2021","Wales","SCS level","Female","Undeclared","[c]","[c]","[c]","[c]"
"Leaver CS","2021","Wales","SCS level","Female","Unknown","[c]","[c]","[c]","[c]"
"Leaver CS","2021","Wales","SCS level","Male","Heterosexual / straight","10","[c]","[c]","[c]"
"Leaver CS","2021","Wales","SCS level","Male","LGBO","[c]","[c]","[c]","[c]"
"Leaver CS","2021","Wales","SCS level","Male","Undeclared","[c]","[c]","[c]","[c]"
"Leaver CS","2021","Wales","SCS level","Male","Unknown","[c]","[c]","[c]","[c]"
"Leaver CS","2021","Wales","SCS level","Unknown","Heterosexual / straight","[c]","[c]","[c]","[c]"
"Leaver CS","2021","Wales","SCS level","Unknown","LGBO","[c]","[c]","[c]","[c]"
"Leaver CS","2021","Wales","SEO/HEO","Female","Heterosexual / straight","70","[c]","36270","36500"
"Leaver CS","2021","Wales","SEO/HEO","Female","LGBO","[c]","[c]","[c]","[c]"
"Leaver CS","2021","Wales","SEO/HEO","Female","Undeclared","10","[c]","[c]","[c]"
"Leaver CS","2021","Wales","SEO/HEO","Female","Unknown","75","[c]","[c]","[c]"
"Leaver CS","2021","Wales","SEO/HEO","Male","Heterosexual / straight","65","[c]","37550","37410"
"Leaver CS","2021","Wales","SEO/HEO","Male","LGBO","[c]","[c]","[c]","[c]"
"Leaver CS","2021","Wales","SEO/HEO","Male","Undeclared","10","[c]","[c]","[c]"
"Leaver CS","2021","Wales","SEO/HEO","Male","Unknown","85","[c]","[c]","[c]"
"Leaver CS","2021","Wales","SEO/HEO","Unknown","Heterosexual / straight","[c]","[c]","[c]","[c]"
"Leaver CS","2021","Wales","SEO/HEO","Unknown","LGBO","[c]","[c]","[c]","[c]"
"Leaver CS","2021","Wales","SEO/HEO","Unknown","Unknown","[c]","[c]","[c]","[c]"
"Leaver CS","2021","Wales","Unknown","Female","Heterosexual / straight","20","[c]","[c]","[c]"
"Leaver CS","2021","Wales","Unknown","Female","LGBO","[c]","[c]","[c]","[c]"
"Leaver CS","2021","Wales","Unknown","Female","Undeclared","[c]","[c]","[c]","[c]"
"Leaver CS","2021","Wales","Unknown","Female","Unknown","10","[c]","[c]","[c]"
"Leaver CS","2021","Wales","Unknown","Male","Heterosexual / straight","5","[c]","[c]","[c]"
"Leaver CS","2021","Wales","Unknown","Male","LGBO","[c]","[c]","[c]","[c]"
"Leaver CS","2021","Wales","Unknown","Male","Undeclared","[c]","[c]","[c]","[c]"
"Leaver CS","2021","Wales","Unknown","Male","Unknown","5","[c]","[c]","[c]"
"Leaver CS","2021","Wales","Unknown","Unknown","Heterosexual / straight","[c]","[c]","[c]","[c]"
"Leaver CS","2021","Wales","Unknown","Unknown","LGBO","[c]","[c]","[c]","[c]"
"Leaver CS","2021","West Midlands (England)","AA/AO","Female","Heterosexual / straight","205","[c]","20220","20500"
"Leaver CS","2021","West Midlands (England)","AA/AO","Female","LGBO","15","[c]","[c]","[c]"
"Leaver CS","2021","West Midlands (England)","AA/AO","Female","Undeclared","25","[c]","[c]","[c]"
"Leaver CS","2021","West Midlands (England)","AA/AO","Female","Unknown","285","[c]","20210","19980"
"Leaver CS","2021","West Midlands (England)","AA/AO","Male","Heterosexual / straight","185","[c]","20990","21010"
"Leaver CS","2021","West Midlands (England)","AA/AO","Male","LGBO","5","[c]","[c]","[c]"
"Leaver CS","2021","West Midlands (England)","AA/AO","Male","Undeclared","25","[c]","[c]","[c]"
"Leaver CS","2021","West Midlands (England)","AA/AO","Male","Unknown","175","[c]","20330","20180"
"Leaver CS","2021","West Midlands (England)","AA/AO","Unknown","Heterosexual / straight","[c]","[c]","[c]","[c]"
"Leaver CS","2021","West Midlands (England)","AA/AO","Unknown","LGBO","[c]","[c]","[c]","[c]"
"Leaver CS","2021","West Midlands (England)","EO","Female","Heterosexual / straight","115","[c]","26350","27130"
"Leaver CS","2021","West Midlands (England)","EO","Female","LGBO","10","[c]","[c]","[c]"
"Leaver CS","2021","West Midlands (England)","EO","Female","Undeclared","20","[c]","[c]","[c]"
"Leaver CS","2021","West Midlands (England)","EO","Female","Unknown","110","[c]","26570","27190"
"Leaver CS","2021","West Midlands (England)","EO","Male","Heterosexual / straight","75","[c]","26010","26120"
"Leaver CS","2021","West Midlands (England)","EO","Male","LGBO","5","[c]","[c]","[c]"
"Leaver CS","2021","West Midlands (England)","EO","Male","Undeclared","15","[c]","[c]","[c]"
"Leaver CS","2021","West Midlands (England)","EO","Male","Unknown","70","[c]","26740","26890"
"Leaver CS","2021","West Midlands (England)","EO","Unknown","Heterosexual / straight","[c]","[c]","[c]","[c]"
"Leaver CS","2021","West Midlands (England)","EO","Unknown","LGBO","[c]","[c]","[c]","[c]"
"Leaver CS","2021","West Midlands (England)","G6/G7","Female","Heterosexual / straight","25","[c]","[c]","[c]"
"Leaver CS","2021","West Midlands (England)","G6/G7","Female","LGBO","[c]","[c]","[c]","[c]"
"Leaver CS","2021","West Midlands (England)","G6/G7","Female","Undeclared","5","[c]","[c]","[c]"
"Leaver CS","2021","West Midlands (England)","G6/G7","Female","Unknown","30","[c]","[c]","[c]"
"Leaver CS","2021","West Midlands (England)","G6/G7","Male","Heterosexual / straight","30","[c]","63620","60200"
"Leaver CS","2021","West Midlands (England)","G6/G7","Male","LGBO","[c]","[c]","[c]","[c]"
"Leaver CS","2021","West Midlands (England)","G6/G7","Male","Undeclared","[c]","[c]","[c]","[c]"
"Leaver CS","2021","West Midlands (England)","G6/G7","Male","Unknown","30","[c]","[c]","[c]"
"Leaver CS","2021","West Midlands (England)","G6/G7","Unknown","Heterosexual / straight","[c]","[c]","[c]","[c]"
"Leaver CS","2021","West Midlands (England)","G6/G7","Unknown","LGBO","[c]","[c]","[c]","[c]"
"Leaver CS","2021","West Midlands (England)","SCS level","Female","Heterosexual / straight","[c]","[c]","[c]","[c]"
"Leaver CS","2021","West Midlands (England)","SCS level","Female","LGBO","[c]","[c]","[c]","[c]"
"Leaver CS","2021","West Midlands (England)","SCS level","Female","Undeclared","[c]","[c]","[c]","[c]"
"Leaver CS","2021","West Midlands (England)","SCS level","Female","Unknown","5","[c]","[c]","[c]"
"Leaver CS","2021","West Midlands (England)","SCS level","Male","Heterosexual / straight","5","[c]","[c]","[c]"
"Leaver CS","2021","West Midlands (England)","SCS level","Male","LGBO","[c]","[c]","[c]","[c]"
"Leaver CS","2021","West Midlands (England)","SCS level","Male","Undeclared","[c]","[c]","[c]","[c]"
"Leaver CS","2021","West Midlands (England)","SCS level","Male","Unknown","[c]","[c]","[c]","[c]"
"Leaver CS","2021","West Midlands (England)","SCS level","Unknown","Heterosexual / straight","[c]","[c]","[c]","[c]"
"Leaver CS","2021","West Midlands (England)","SCS level","Unknown","LGBO","[c]","[c]","[c]","[c]"
"Leaver CS","2021","West Midlands (England)","SEO/HEO","Female","Heterosexual / straight","75","[c]","37500","36390"
"Leaver CS","2021","West Midlands (England)","SEO/HEO","Female","LGBO","[c]","[c]","[c]","[c]"
"Leaver CS","2021","West Midlands (England)","SEO/HEO","Female","Undeclared","10","[c]","[c]","[c]"
"Leaver CS","2021","West Midlands (England)","SEO/HEO","Female","Unknown","90","[c]","[c]","[c]"
"Leaver CS","2021","West Midlands (England)","SEO/HEO","Male","Heterosexual / straight","60","[c]","37380","36960"
"Leaver CS","2021","West Midlands (England)","SEO/HEO","Male","LGBO","[c]","[c]","[c]","[c]"
"Leaver CS","2021","West Midlands (England)","SEO/HEO","Male","Undeclared","10","[c]","[c]","[c]"
"Leaver CS","2021","West Midlands (England)","SEO/HEO","Male","Unknown","65","[c]","[c]","[c]"
"Leaver CS","2021","West Midlands (England)","SEO/HEO","Unknown","Heterosexual / straight","[c]","[c]","[c]","[c]"
"Leaver CS","2021","West Midlands (England)","SEO/HEO","Unknown","LGBO","[c]","[c]","[c]","[c]"
"Leaver CS","2021","West Midlands (England)","Unknown","Female","Heterosexual / straight","35","[c]","[c]","[c]"
"Leaver CS","2021","West Midlands (England)","Unknown","Female","LGBO","[c]","[c]","[c]","[c]"
"Leaver CS","2021","West Midlands (England)","Unknown","Female","Undeclared","5","[c]","[c]","[c]"
"Leaver CS","2021","West Midlands (England)","Unknown","Female","Unknown","[c]","[c]","[c]","[c]"
"Leaver CS","2021","West Midlands (England)","Unknown","Male","Heterosexual / straight","10","[c]","[c]","[c]"
"Leaver CS","2021","West Midlands (England)","Unknown","Male","LGBO","[c]","[c]","[c]","[c]"
"Leaver CS","2021","West Midlands (England)","Unknown","Male","Undeclared","[c]","[c]","[c]","[c]"
"Leaver CS","2021","West Midlands (England)","Unknown","Male","Unknown","5","[c]","[c]","[c]"
"Leaver CS","2021","West Midlands (England)","Unknown","Unknown","Heterosexual / straight","[c]","[c]","[c]","[c]"
"Leaver CS","2021","West Midlands (England)","Unknown","Unknown","LGBO","[c]","[c]","[c]","[c]"
"Leaver CS","2021","Yorkshire and The Humber","AA/AO","Female","Heterosexual / straight","230","[c]","20580","21010"
"Leaver CS","2021","Yorkshire and The Humber","AA/AO","Female","LGBO","15","[c]","[c]","[c]"
"Leaver CS","2021","Yorkshire and The Humber","AA/AO","Female","Undeclared","35","[c]","[c]","[c]"
"Leaver CS","2021","Yorkshire and The Humber","AA/AO","Female","Unknown","325","[c]","20340","20800"
"Leaver CS","2021","Yorkshire and The Humber","AA/AO","Male","Heterosexual / straight","230","[c]","21380","21010"
"Leaver CS","2021","Yorkshire and The Humber","AA/AO","Male","LGBO","5","[c]","[c]","[c]"
"Leaver CS","2021","Yorkshire and The Humber","AA/AO","Male","Undeclared","30","[c]","[c]","[c]"
"Leaver CS","2021","Yorkshire and The Humber","AA/AO","Male","Unknown","220","[c]","22200","21010"
"Leaver CS","2021","Yorkshire and The Humber","AA/AO","Unknown","Heterosexual / straight","[c]","[c]","[c]","[c]"
"Leaver CS","2021","Yorkshire and The Humber","AA/AO","Unknown","LGBO","[c]","[c]","[c]","[c]"
"Leaver CS","2021","Yorkshire and The Humber","EO","Female","Heterosexual / straight","120","[c]","26790","27570"
"Leaver CS","2021","Yorkshire and The Humber","EO","Female","LGBO","[c]","[c]","[c]","[c]"
"Leaver CS","2021","Yorkshire and The Humber","EO","Female","Undeclared","25","[c]","[c]","[c]"
"Leaver CS","2021","Yorkshire and The Humber","EO","Female","Unknown","175","[c]","26500","27350"
"Leaver CS","2021","Yorkshire and The Humber","EO","Male","Heterosexual / straight","95","[c]","26790","26890"
"Leaver CS","2021","Yorkshire and The Humber","EO","Male","LGBO","[c]","[c]","[c]","[c]"
"Leaver CS","2021","Yorkshire and The Humber","EO","Male","Undeclared","20","[c]","[c]","[c]"
"Leaver CS","2021","Yorkshire and The Humber","EO","Male","Unknown","105","[c]","26960","27570"
"Leaver CS","2021","Yorkshire and The Humber","EO","Unknown","Heterosexual / straight","[c]","[c]","[c]","[c]"
"Leaver CS","2021","Yorkshire and The Humber","EO","Unknown","LGBO","[c]","[c]","[c]","[c]"
"Leaver CS","2021","Yorkshire and The Humber","G6/G7","Female","Heterosexual / straight","35","[c]","61120","61220"
"Leaver CS","2021","Yorkshire and The Humber","G6/G7","Female","LGBO","[c]","[c]","[c]","[c]"
"Leaver CS","2021","Yorkshire and The Humber","G6/G7","Female","Undeclared","[c]","[c]","[c]","[c]"
"Leaver CS","2021","Yorkshire and The Humber","G6/G7","Female","Unknown","45","[c]","[c]","[c]"
"Leaver CS","2021","Yorkshire and The Humber","G6/G7","Male","Heterosexual / straight","45","[c]","61040","58700"
"Leaver CS","2021","Yorkshire and The Humber","G6/G7","Male","LGBO","[c]","[c]","[c]","[c]"
"Leaver CS","2021","Yorkshire and The Humber","G6/G7","Male","Undeclared","10","[c]","[c]","[c]"
"Leaver CS","2021","Yorkshire and The Humber","G6/G7","Male","Unknown","55","[c]","[c]","[c]"
"Leaver CS","2021","Yorkshire and The Humber","G6/G7","Unknown","Heterosexual / straight","[c]","[c]","[c]","[c]"
"Leaver CS","2021","Yorkshire and The Humber","G6/G7","Unknown","LGBO","[c]","[c]","[c]","[c]"
"Leaver CS","2021","Yorkshire and The Humber","SCS level","Female","Heterosexual / straight","[c]","[c]","[c]","[c]"
"Leaver CS","2021","Yorkshire and The Humber","SCS level","Female","LGBO","[c]","[c]","[c]","[c]"
"Leaver CS","2021","Yorkshire and The Humber","SCS level","Female","Undeclared","[c]","[c]","[c]","[c]"
"Leaver CS","2021","Yorkshire and The Humber","SCS level","Female","Unknown","[c]","[c]","[c]","[c]"
"Leaver CS","2021","Yorkshire and The Humber","SCS level","Male","Heterosexual / straight","[c]","[c]","[c]","[c]"
"Leaver CS","2021","Yorkshire and The Humber","SCS level","Male","LGBO","[c]","[c]","[c]","[c]"
"Leaver CS","2021","Yorkshire and The Humber","SCS level","Male","Undeclared","[c]","[c]","[c]","[c]"
"Leaver CS","2021","Yorkshire and The Humber","SCS level","Male","Unknown","5","[c]","[c]","[c]"
"Leaver CS","2021","Yorkshire and The Humber","SCS level","Unknown","Heterosexual / straight","[c]","[c]","[c]","[c]"
"Leaver CS","2021","Yorkshire and The Humber","SCS level","Unknown","LGBO","[c]","[c]","[c]","[c]"
"Leaver CS","2021","Yorkshire and The Humber","SEO/HEO","Female","Heterosexual / straight","80","[c]","36770","36440"
"Leaver CS","2021","Yorkshire and The Humber","SEO/HEO","Female","LGBO","5","[c]","[c]","[c]"
"Leaver CS","2021","Yorkshire and The Humber","SEO/HEO","Female","Undeclared","20","[c]","[c]","[c]"
"Leaver CS","2021","Yorkshire and The Humber","SEO/HEO","Female","Unknown","120","[c]","[c]","[c]"
"Leaver CS","2021","Yorkshire and The Humber","SEO/HEO","Male","Heterosexual / straight","85","[c]","37730","36960"
"Leaver CS","2021","Yorkshire and The Humber","SEO/HEO","Male","LGBO","[c]","[c]","[c]","[c]"
"Leaver CS","2021","Yorkshire and The Humber","SEO/HEO","Male","Undeclared","10","[c]","[c]","[c]"
"Leaver CS","2021","Yorkshire and The Humber","SEO/HEO","Male","Unknown","95","[c]","[c]","[c]"
"Leaver CS","2021","Yorkshire and The Humber","SEO/HEO","Unknown","Heterosexual / straight","[c]","[c]","[c]","[c]"
"Leaver CS","2021","Yorkshire and The Humber","SEO/HEO","Unknown","LGBO","[c]","[c]","[c]","[c]"
"Leaver CS","2021","Yorkshire and The Humber","SEO/HEO","Unknown","Unknown","[c]","[c]","[c]","[c]"
"Leaver CS","2021","Yorkshire and The Humber","Unknown","Female","Heterosexual / straight","30","[c]","[c]","[c]"
"Leaver CS","2021","Yorkshire and The Humber","Unknown","Female","LGBO","[c]","[c]","[c]","[c]"
"Leaver CS","2021","Yorkshire and The Humber","Unknown","Female","Undeclared","[c]","[c]","[c]","[c]"
"Leaver CS","2021","Yorkshire and The Humber","Unknown","Female","Unknown","10","[c]","[c]","[c]"
"Leaver CS","2021","Yorkshire and The Humber","Unknown","Male","Heterosexual / straight","10","[c]","[c]","[c]"
"Leaver CS","2021","Yorkshire and The Humber","Unknown","Male","LGBO","[c]","[c]","[c]","[c]"
"Leaver CS","2021","Yorkshire and The Humber","Unknown","Male","Undeclared","[c]","[c]","[c]","[c]"
"Leaver CS","2021","Yorkshire and The Humber","Unknown","Male","Unknown","[c]","[c]","[c]","[c]"
"Leaver CS","2021","Yorkshire and The Humber","Unknown","Unknown","Heterosexual / straight","[c]","[c]","[c]","[c]"
"Leaver CS","2021","Yorkshire and The Humber","Unknown","Unknown","LGBO","[c]","[c]","[c]","[c]"
"Leaver Dept.","2021","East Midlands (England)","AA/AO","Female","Heterosexual / straight","30","[c]","[c]","[c]"
"Leaver Dept.","2021","East Midlands (England)","AA/AO","Female","LGBO","5","[c]","[c]","[c]"
"Leaver Dept.","2021","East Midlands (England)","AA/AO","Female","Undeclared","[c]","[c]","[c]","[c]"
"Leaver Dept.","2021","East Midlands (England)","AA/AO","Female","Unknown","25","[c]","[c]","[c]"
"Leaver Dept.","2021","East Midlands (England)","AA/AO","Male","Heterosexual / straight","20","[c]","[c]","[c]"
"Leaver Dept.","2021","East Midlands (England)","AA/AO","Male","LGBO","[c]","[c]","[c]","[c]"
"Leaver Dept.","2021","East Midlands (England)","AA/AO","Male","Undeclared","[c]","[c]","[c]","[c]"
"Leaver Dept.","2021","East Midlands (England)","AA/AO","Male","Unknown","20","[c]","[c]","[c]"
"Leaver Dept.","2021","East Midlands (England)","AA/AO","Unknown","Heterosexual / straight","[c]","[c]","[c]","[c]"
"Leaver Dept.","2021","East Midlands (England)","AA/AO","Unknown","LGBO","[c]","[c]","[c]","[c]"
"Leaver Dept.","2021","East Midlands (England)","EO","Female","Heterosexual / straight","30","[c]","[c]","[c]"
"Leaver Dept.","2021","East Midlands (England)","EO","Female","LGBO","[c]","[c]","[c]","[c]"
"Leaver Dept.","2021","East Midlands (England)","EO","Female","Undeclared","[c]","[c]","[c]","[c]"
"Leaver Dept.","2021","East Midlands (England)","EO","Female","Unknown","10","[c]","[c]","[c]"
"Leaver Dept.","2021","East Midlands (England)","EO","Male","Heterosexual / straight","20","[c]","[c]","[c]"
"Leaver Dept.","2021","East Midlands (England)","EO","Male","LGBO","[c]","[c]","[c]","[c]"
"Leaver Dept.","2021","East Midlands (England)","EO","Male","Undeclared","[c]","[c]","[c]","[c]"
"Leaver Dept.","2021","East Midlands (England)","EO","Male","Unknown","5","[c]","[c]","[c]"
"Leaver Dept.","2021","East Midlands (England)","EO","Unknown","Heterosexual / straight","[c]","[c]","[c]","[c]"
"Leaver Dept.","2021","East Midlands (England)","EO","Unknown","LGBO","[c]","[c]","[c]","[c]"
"Leaver Dept.","2021","East Midlands (England)","G6/G7","Female","Heterosexual / straight","[c]","[c]","[c]","[c]"
"Leaver Dept.","2021","East Midlands (England)","G6/G7","Female","LGBO","[c]","[c]","[c]","[c]"
"Leaver Dept.","2021","East Midlands (England)","G6/G7","Female","Undeclared","[c]","[c]","[c]","[c]"
"Leaver Dept.","2021","East Midlands (England)","G6/G7","Female","Unknown","5","[c]","[c]","[c]"
"Leaver Dept.","2021","East Midlands (England)","G6/G7","Male","Heterosexual / straight","[c]","[c]","[c]","[c]"
"Leaver Dept.","2021","East Midlands (England)","G6/G7","Male","LGBO","[c]","[c]","[c]","[c]"
"Leaver Dept.","2021","East Midlands (England)","G6/G7","Male","Undeclared","[c]","[c]","[c]","[c]"
"Leaver Dept.","2021","East Midlands (England)","G6/G7","Male","Unknown","5","[c]","[c]","[c]"
"Leaver Dept.","2021","East Midlands (England)","G6/G7","Unknown","Heterosexual / straight","[c]","[c]","[c]","[c]"
"Leaver Dept.","2021","East Midlands (England)","G6/G7","Unknown","LGBO","[c]","[c]","[c]","[c]"
"Leaver Dept.","2021","East Midlands (England)","SEO/HEO","Female","Heterosexual / straight","25","[c]","[c]","[c]"
"Leaver Dept.","2021","East Midlands (England)","SEO/HEO","Female","LGBO","[c]","[c]","[c]","[c]"
"Leaver Dept.","2021","East Midlands (England)","SEO/HEO","Female","Undeclared","[c]","[c]","[c]","[c]"
"Leaver Dept.","2021","East Midlands (England)","SEO/HEO","Female","Unknown","10","[c]","[c]","[c]"
"Leaver Dept.","2021","East Midlands (England)","SEO/HEO","Male","Heterosexual / straight","10","[c]","[c]","[c]"
"Leaver Dept.","2021","East Midlands (England)","SEO/HEO","Male","LGBO","[c]","[c]","[c]","[c]"
"Leaver Dept.","2021","East Midlands (England)","SEO/HEO","Male","Undeclared","[c]","[c]","[c]","[c]"
"Leaver Dept.","2021","East Midlands (England)","SEO/HEO","Male","Unknown","15","[c]","[c]","[c]"
"Leaver Dept.","2021","East Midlands (England)","SEO/HEO","Unknown","Heterosexual / straight","[c]","[c]","[c]","[c]"
"Leaver Dept.","2021","East Midlands (England)","SEO/HEO","Unknown","LGBO","[c]","[c]","[c]","[c]"
"Leaver Dept.","2021","East Midlands (England)","Unknown","Female","Heterosexual / straight","[c]","[c]","[c]","[c]"
"Leaver Dept.","2021","East Midlands (England)","Unknown","Female","LGBO","[c]","[c]","[c]","[c]"
"Leaver Dept.","2021","East Midlands (England)","Unknown","Female","Undeclared","[c]","[c]","[c]","[c]"
"Leaver Dept.","2021","East Midlands (England)","Unknown","Female","Unknown","[c]","[c]","[c]","[c]"
"Leaver Dept.","2021","East Midlands (England)","Unknown","Male","Heterosexual / straight","[c]","[c]","[c]","[c]"
"Leaver Dept.","2021","East Midlands (England)","Unknown","Male","LGBO","[c]","[c]","[c]","[c]"
"Leaver Dept.","2021","East Midlands (England)","Unknown","Male","Undeclared","[c]","[c]","[c]","[c]"
"Leaver Dept.","2021","East Midlands (England)","Unknown","Male","Unknown","5","[c]","[c]","[c]"
"Leaver Dept.","2021","East Midlands (England)","Unknown","Unknown","Heterosexual / straight","[c]","[c]","[c]","[c]"
"Leaver Dept.","2021","East Midlands (England)","Unknown","Unknown","LGBO","[c]","[c]","[c]","[c]"
"Leaver Dept.","2021","East of England","AA/AO","Female","Heterosexual / straight","15","[c]","[c]","[c]"
"Leaver Dept.","2021","East of England","AA/AO","Female","LGBO","[c]","[c]","[c]","[c]"
"Leaver Dept.","2021","East of England","AA/AO","Female","Undeclared","[c]","[c]","[c]","[c]"
"Leaver Dept.","2021","East of England","AA/AO","Female","Unknown","5","[c]","[c]","[c]"
"Leaver Dept.","2021","East of England","AA/AO","Male","Heterosexual / straight","15","[c]","[c]","[c]"
"Leaver Dept.","2021","East of England","AA/AO","Male","LGBO","[c]","[c]","[c]","[c]"
"Leaver Dept.","2021","East of England","AA/AO","Male","Undeclared","[c]","[c]","[c]","[c]"
"Leaver Dept.","2021","East of England","AA/AO","Male","Unknown","10","[c]","[c]","[c]"
"Leaver Dept.","2021","East of England","AA/AO","Unknown","Heterosexual / straight","[c]","[c]","[c]","[c]"
"Leaver Dept.","2021","East of England","AA/AO","Unknown","LGBO","[c]","[c]","[c]","[c]"
"Leaver Dept.","2021","East of England","EO","Female","Heterosexual / straight","30","[c]","[c]","[c]"
"Leaver Dept.","2021","East of England","EO","Female","LGBO","[c]","[c]","[c]","[c]"
"Leaver Dept.","2021","East of England","EO","Female","Undeclared","[c]","[c]","[c]","[c]"
"Leaver Dept.","2021","East of England","EO","Female","Unknown","10","[c]","[c]","[c]"
"Leaver Dept.","2021","East of England","EO","Male","Heterosexual / straight","10","[c]","[c]","[c]"
"Leaver Dept.","2021","East of England","EO","Male","LGBO","[c]","[c]","[c]","[c]"
"Leaver Dept.","2021","East of England","EO","Male","Undeclared","[c]","[c]","[c]","[c]"
"Leaver Dept.","2021","East of England","EO","Male","Unknown","[c]","[c]","[c]","[c]"
"Leaver Dept.","2021","East of England","EO","Unknown","Heterosexual / straight","[c]","[c]","[c]","[c]"
"Leaver Dept.","2021","East of England","EO","Unknown","LGBO","[c]","[c]","[c]","[c]"
"Leaver Dept.","2021","East of England","G6/G7","Female","Heterosexual / straight","10","[c]","[c]","[c]"
"Leaver Dept.","2021","East of England","G6/G7","Female","LGBO","[c]","[c]","[c]","[c]"
"Leaver Dept.","2021","East of England","G6/G7","Female","Undeclared","[c]","[c]","[c]","[c]"
"Leaver Dept.","2021","East of England","G6/G7","Female","Unknown","[c]","[c]","[c]","[c]"
"Leaver Dept.","2021","East of England","G6/G7","Male","Heterosexual / straight","[c]","[c]","[c]","[c]"
"Leaver Dept.","2021","East of England","G6/G7","Male","LGBO","[c]","[c]","[c]","[c]"
"Leaver Dept.","2021","East of England","G6/G7","Male","Undeclared","[c]","[c]","[c]","[c]"
"Leaver Dept.","2021","East of England","G6/G7","Male","Unknown","[c]","[c]","[c]","[c]"
"Leaver Dept.","2021","East of England","G6/G7","Unknown","Heterosexual / straight","[c]","[c]","[c]","[c]"
"Leaver Dept.","2021","East of England","G6/G7","Unknown","LGBO","[c]","[c]","[c]","[c]"
"Leaver Dept.","2021","East of England","SEO/HEO","Female","Heterosexual / straight","30","[c]","[c]","[c]"
"Leaver Dept.","2021","East of England","SEO/HEO","Female","LGBO","[c]","[c]","[c]","[c]"
"Leaver Dept.","2021","East of England","SEO/HEO","Female","Undeclared","[c]","[c]","[c]","[c]"
"Leaver Dept.","2021","East of England","SEO/HEO","Female","Unknown","10","[c]","[c]","[c]"
"Leaver Dept.","2021","East of England","SEO/HEO","Male","Heterosexual / straight","20","[c]","[c]","[c]"
"Leaver Dept.","2021","East of England","SEO/HEO","Male","LGBO","[c]","[c]","[c]","[c]"
"Leaver Dept.","2021","East of England","SEO/HEO","Male","Undeclared","[c]","[c]","[c]","[c]"
"Leaver Dept.","2021","East of England","SEO/HEO","Male","Unknown","5","[c]","[c]","[c]"
"Leaver Dept.","2021","East of England","SEO/HEO","Unknown","Heterosexual / straight","[c]","[c]","[c]","[c]"
"Leaver Dept.","2021","East of England","SEO/HEO","Unknown","LGBO","[c]","[c]","[c]","[c]"
"Leaver Dept.","2021","East of England","Unknown","Female","Heterosexual / straight","[c]","[c]","[c]","[c]"
"Leaver Dept.","2021","East of England","Unknown","Female","LGBO","[c]","[c]","[c]","[c]"
"Leaver Dept.","2021","East of England","Unknown","Female","Undeclared","[c]","[c]","[c]","[c]"
"Leaver Dept.","2021","East of England","Unknown","Female","Unknown","[c]","[c]","[c]","[c]"
"Leaver Dept.","2021","East of England","Unknown","Male","Heterosexual / straight","[c]","[c]","[c]","[c]"
"Leaver Dept.","2021","East of England","Unknown","Male","LGBO","[c]","[c]","[c]","[c]"
"Leaver Dept.","2021","East of England","Unknown","Male","Undeclared","[c]","[c]","[c]","[c]"
"Leaver Dept.","2021","East of England","Unknown","Male","Unknown","[c]","[c]","[c]","[c]"
"Leaver Dept.","2021","East of England","Unknown","Unknown","Heterosexual / straight","[c]","[c]","[c]","[c]"
"Leaver Dept.","2021","East of England","Unknown","Unknown","LGBO","[c]","[c]","[c]","[c]"
"Leaver Dept.","2021","London","AA/AO","Female","Heterosexual / straight","80","[c]","23560","23520"
"Leaver Dept.","2021","London","AA/AO","Female","LGBO","[c]","[c]","[c]","[c]"
"Leaver Dept.","2021","London","AA/AO","Female","Undeclared","10","[c]","[c]","[c]"
"Leaver Dept.","2021","London","AA/AO","Female","Unknown","45","[c]","[c]","[c]"
"Leaver Dept.","2021","London","AA/AO","Male","Heterosexual / straight","45","[c]","24060","24590"
"Leaver Dept.","2021","London","AA/AO","Male","LGBO","5","[c]","[c]","[c]"
"Leaver Dept.","2021","London","AA/AO","Male","Undeclared","5","[c]","[c]","[c]"
"Leaver Dept.","2021","London","AA/AO","Male","Unknown","35","[c]","[c]","[c]"
"Leaver Dept.","2021","London","AA/AO","Unknown","Heterosexual / straight","[c]","[c]","[c]","[c]"
"Leaver Dept.","2021","London","AA/AO","Unknown","LGBO","[c]","[c]","[c]","[c]"
"Leaver Dept.","2021","London","AA/AO","Unknown","Unknown","[c]","[c]","[c]","[c]"
"Leaver Dept.","2021","London","EO","Female","Heterosexual / straight","265","[c]","28430","27880"
"Leaver Dept.","2021","London","EO","Female","LGBO","25","[c]","[c]","[c]"
"Leaver Dept.","2021","London","EO","Female","Undeclared","30","[c]","[c]","[c]"
"Leaver Dept.","2021","London","EO","Female","Unknown","150","[c]","28670","28170"
"Leaver Dept.","2021","London","EO","Male","Heterosexual / straight","185","[c]","28690","28330"
"Leaver Dept.","2021","London","EO","Male","LGBO","25","[c]","[c]","[c]"
"Leaver Dept.","2021","London","EO","Male","Undeclared","20","[c]","[c]","[c]"
"Leaver Dept.","2021","London","EO","Male","Unknown","105","[c]","28290","27550"
"Leaver Dept.","2021","London","EO","Unknown","Heterosexual / straight","[c]","[c]","[c]","[c]"
"Leaver Dept.","2021","London","EO","Unknown","LGBO","[c]","[c]","[c]","[c]"
"Leaver Dept.","2021","London","G6/G7","Female","Heterosexual / straight","465","[c]","58070","56150"
"Leaver Dept.","2021","London","G6/G7","Female","LGBO","35","[c]","56090","54700"
"Leaver Dept.","2021","London","G6/G7","Female","Undeclared","75","[c]","58540","56200"
"Leaver Dept.","2021","London","G6/G7","Female","Unknown","285","[c]","56870","54700"
"Leaver Dept.","2021","London","G6/G7","Male","Heterosexual / straight","370","[c]","58300","56320"
"Leaver Dept.","2021","London","G6/G7","Male","LGBO","50","[c]","56080","54270"
"Leaver Dept.","2021","London","G6/G7","Male","Undeclared","55","[c]","58090","55900"
"Leaver Dept.","2021","London","G6/G7","Male","Unknown","280","[c]","56860","54700"
"Leaver Dept.","2021","London","G6/G7","Unknown","Heterosexual / straight","5","[c]","[c]","[c]"
"Leaver Dept.","2021","London","G6/G7","Unknown","LGBO","[c]","[c]","[c]","[c]"
"Leaver Dept.","2021","London","G6/G7","Unknown","Undeclared","[c]","[c]","[c]","[c]"
"Leaver Dept.","2021","London","G6/G7","Unknown","Unknown","[c]","[c]","[c]","[c]"
"Leaver Dept.","2021","London","SCS level","Female","Heterosexual / straight","95","[c]","89260","79580"
"Leaver Dept.","2021","London","SCS level","Female","LGBO","5","[c]","[c]","[c]"
"Leaver Dept.","2021","London","SCS level","Female","Undeclared","15","[c]","[c]","[c]"
"Leaver Dept.","2021","London","SCS level","Female","Unknown","60","[c]","[c]","[c]"
"Leaver Dept.","2021","London","SCS level","Male","Heterosexual / straight","55","[c]","92390","85530"
"Leaver Dept.","2021","London","SCS level","Male","LGBO","10","[c]","[c]","[c]"
"Leaver Dept.","2021","London","SCS level","Male","Undeclared","[c]","[c]","[c]","[c]"
"Leaver Dept.","2021","London","SCS level","Male","Unknown","30","[c]","[c]","[c]"
"Leaver Dept.","2021","London","SCS level","Unknown","Heterosexual / straight","[c]","[c]","[c]","[c]"
"Leaver Dept.","2021","London","SCS level","Unknown","LGBO","[c]","[c]","[c]","[c]"
"Leaver Dept.","2021","London","SCS level","Unknown","Unknown","[c]","[c]","[c]","[c]"
"Leaver Dept.","2021","London","SEO/HEO","Female","Heterosexual / straight","660","[c]","36770","35590"
"Leaver Dept.","2021","London","SEO/HEO","Female","LGBO","60","[c]","34980","34550"
"Leaver Dept.","2021","London","SEO/HEO","Female","Undeclared","65","[c]","38590","38290"
"Leaver Dept.","2021","London","SEO/HEO","Female","Unknown","445","[c]","36660","35160"
"Leaver Dept.","2021","London","SEO/HEO","Male","Heterosexual / straight","520","[c]","36860","35230"
"Leaver Dept.","2021","London","SEO/HEO","Male","LGBO","80","[c]","36470","35580"
"Leaver Dept.","2021","London","SEO/HEO","Male","Undeclared","55","[c]","37170","36660"
"Leaver Dept.","2021","London","SEO/HEO","Male","Unknown","420","[c]","36230","35060"
"Leaver Dept.","2021","London","SEO/HEO","Unknown","Heterosexual / straight","[c]","[c]","[c]","[c]"
"Leaver Dept.","2021","London","SEO/HEO","Unknown","LGBO","[c]","[c]","[c]","[c]"
"Leaver Dept.","2021","London","SEO/HEO","Unknown","Undeclared","[c]","[c]","[c]","[c]"
"Leaver Dept.","2021","London","SEO/HEO","Unknown","Unknown","[c]","[c]","[c]","[c]"
"Leaver Dept.","2021","London","Unknown","Female","Heterosexual / straight","20","[c]","[c]","[c]"
"Leaver Dept.","2021","London","Unknown","Female","LGBO","[c]","[c]","[c]","[c]"
"Leaver Dept.","2021","London","Unknown","Female","Undeclared","[c]","[c]","[c]","[c]"
"Leaver Dept.","2021","London","Unknown","Female","Unknown","25","[c]","[c]","[c]"
"Leaver Dept.","2021","London","Unknown","Male","Heterosexual / straight","10","[c]","[c]","[c]"
"Leaver Dept.","2021","London","Unknown","Male","LGBO","[c]","[c]","[c]","[c]"
"Leaver Dept.","2021","London","Unknown","Male","Undeclared","[c]","[c]","[c]","[c]"
"Leaver Dept.","2021","London","Unknown","Male","Unknown","30","[c]","[c]","[c]"
"Leaver Dept.","2021","London","Unknown","Unknown","Heterosexual / straight","[c]","[c]","[c]","[c]"
"Leaver Dept.","2021","London","Unknown","Unknown","LGBO","[c]","[c]","[c]","[c]"
"Leaver Dept.","2021","North East (England)","AA/AO","Female","Heterosexual / straight","70","[c]","20890","21010"
"Leaver Dept.","2021","North East (England)","AA/AO","Female","LGBO","10","[c]","[c]","[c]"
"Leaver Dept.","2021","North East (England)","AA/AO","Female","Undeclared","5","[c]","[c]","[c]"
"Leaver Dept.","2021","North East (England)","AA/AO","Female","Unknown","105","[c]","[c]","[c]"
"Leaver Dept.","2021","North East (England)","AA/AO","Male","Heterosexual / straight","35","[c]","20790","21010"
"Leaver Dept.","2021","North East (England)","AA/AO","Male","LGBO","[c]","[c]","[c]","[c]"
"Leaver Dept.","2021","North East (England)","AA/AO","Male","Undeclared","[c]","[c]","[c]","[c]"
"Leaver Dept.","2021","North East (England)","AA/AO","Male","Unknown","55","[c]","[c]","[c]"
"Leaver Dept.","2021","North East (England)","AA/AO","Unknown","Heterosexual / straight","[c]","[c]","[c]","[c]"
"Leaver Dept.","2021","North East (England)","AA/AO","Unknown","LGBO","[c]","[c]","[c]","[c]"
"Leaver Dept.","2021","North East (England)","EO","Female","Heterosexual / straight","60","[c]","26250","27570"
"Leaver Dept.","2021","North East (England)","EO","Female","LGBO","[c]","[c]","[c]","[c]"
"Leaver Dept.","2021","North East (England)","EO","Female","Undeclared","[c]","[c]","[c]","[c]"
"Leaver Dept.","2021","North East (England)","EO","Female","Unknown","45","[c]","[c]","[c]"
"Leaver Dept.","2021","North East (England)","EO","Male","Heterosexual / straight","25","[c]","[c]","[c]"
"Leaver Dept.","2021","North East (England)","EO","Male","LGBO","[c]","[c]","[c]","[c]"
"Leaver Dept.","2021","North East (England)","EO","Male","Undeclared","[c]","[c]","[c]","[c]"
"Leaver Dept.","2021","North East (England)","EO","Male","Unknown","25","[c]","[c]","[c]"
"Leaver Dept.","2021","North East (England)","EO","Unknown","Heterosexual / straight","[c]","[c]","[c]","[c]"
"Leaver Dept.","2021","North East (England)","EO","Unknown","LGBO","[c]","[c]","[c]","[c]"
"Leaver Dept.","2021","North East (England)","G6/G7","Female","Heterosexual / straight","5","[c]","[c]","[c]"
"Leaver Dept.","2021","North East (England)","G6/G7","Female","LGBO","[c]","[c]","[c]","[c]"
"Leaver Dept.","2021","North East (England)","G6/G7","Female","Undeclared","[c]","[c]","[c]","[c]"
"Leaver Dept.","2021","North East (England)","G6/G7","Female","Unknown","5","[c]","[c]","[c]"
"Leaver Dept.","2021","North East (England)","G6/G7","Male","Heterosexual / straight","5","[c]","[c]","[c]"
"Leaver Dept.","2021","North East (England)","G6/G7","Male","LGBO","[c]","[c]","[c]","[c]"
"Leaver Dept.","2021","North East (England)","G6/G7","Male","Undeclared","[c]","[c]","[c]","[c]"
"Leaver Dept.","2021","North East (England)","G6/G7","Male","Unknown","5","[c]","[c]","[c]"
"Leaver Dept.","2021","North East (England)","G6/G7","Unknown","Heterosexual / straight","[c]","[c]","[c]","[c]"
"Leaver Dept.","2021","North East (England)","G6/G7","Unknown","LGBO","[c]","[c]","[c]","[c]"
"Leaver Dept.","2021","North East (England)","SCS level","Female","Heterosexual / straight","[c]","[c]","[c]","[c]"
"Leaver Dept.","2021","North East (England)","SCS level","Female","LGBO","[c]","[c]","[c]","[c]"
"Leaver Dept.","2021","North East (England)","SCS level","Female","Undeclared","[c]","[c]","[c]","[c]"
"Leaver Dept.","2021","North East (England)","SCS level","Female","Unknown","[c]","[c]","[c]","[c]"
"Leaver Dept.","2021","North East (England)","SCS level","Male","Heterosexual / straight","[c]","[c]","[c]","[c]"
"Leaver Dept.","2021","North East (England)","SCS level","Male","LGBO","[c]","[c]","[c]","[c]"
"Leaver Dept.","2021","North East (England)","SCS level","Male","Undeclared","[c]","[c]","[c]","[c]"
"Leaver Dept.","2021","North East (England)","SCS level","Male","Unknown","[c]","[c]","[c]","[c]"
"Leaver Dept.","2021","North East (England)","SCS level","Unknown","Heterosexual / straight","[c]","[c]","[c]","[c]"
"Leaver Dept.","2021","North East (England)","SCS level","Unknown","LGBO","[c]","[c]","[c]","[c]"
"Leaver Dept.","2021","North East (England)","SEO/HEO","Female","Heterosexual / straight","25","[c]","[c]","[c]"
"Leaver Dept.","2021","North East (England)","SEO/HEO","Female","LGBO","[c]","[c]","[c]","[c]"
"Leaver Dept.","2021","North East (England)","SEO/HEO","Female","Undeclared","[c]","[c]","[c]","[c]"
"Leaver Dept.","2021","North East (England)","SEO/HEO","Female","Unknown","25","[c]","[c]","[c]"
"Leaver Dept.","2021","North East (England)","SEO/HEO","Male","Heterosexual / straight","30","[c]","[c]","[c]"
"Leaver Dept.","2021","North East (England)","SEO/HEO","Male","LGBO","[c]","[c]","[c]","[c]"
"Leaver Dept.","2021","North East (England)","SEO/HEO","Male","Undeclared","[c]","[c]","[c]","[c]"
"Leaver Dept.","2021","North East (England)","SEO/HEO","Male","Unknown","35","[c]","[c]","[c]"
"Leaver Dept.","2021","North East (England)","SEO/HEO","Unknown","Heterosexual / straight","[c]","[c]","[c]","[c]"
"Leaver Dept.","2021","North East (England)","SEO/HEO","Unknown","LGBO","[c]","[c]","[c]","[c]"
"Leaver Dept.","2021","North East (England)","Unknown","Female","Heterosexual / straight","5","[c]","[c]","[c]"
"Leaver Dept.","2021","North East (England)","Unknown","Female","LGBO","[c]","[c]","[c]","[c]"
"Leaver Dept.","2021","North East (England)","Unknown","Female","Undeclared","[c]","[c]","[c]","[c]"
"Leaver Dept.","2021","North East (England)","Unknown","Female","Unknown","[c]","[c]","[c]","[c]"
"Leaver Dept.","2021","North East (England)","Unknown","Male","Heterosexual / straight","[c]","[c]","[c]","[c]"
"Leaver Dept.","2021","North East (England)","Unknown","Male","LGBO","[c]","[c]","[c]","[c]"
"Leaver Dept.","2021","North East (England)","Unknown","Male","Undeclared","[c]","[c]","[c]","[c]"
"Leaver Dept.","2021","North East (England)","Unknown","Male","Unknown","[c]","[c]","[c]","[c]"
"Leaver Dept.","2021","North East (England)","Unknown","Unknown","Heterosexual / straight","[c]","[c]","[c]","[c]"
"Leaver Dept.","2021","North East (England)","Unknown","Unknown","LGBO","[c]","[c]","[c]","[c]"
"Leaver Dept.","2021","North West (England)","AA/AO","Female","Heterosexual / straight","75","[c]","21150","21010"
"Leaver Dept.","2021","North West (England)","AA/AO","Female","LGBO","5","[c]","[c]","[c]"
"Leaver Dept.","2021","North West (England)","AA/AO","Female","Undeclared","10","[c]","[c]","[c]"
"Leaver Dept.","2021","North West (England)","AA/AO","Female","Unknown","120","[c]","20600","20480"
"Leaver Dept.","2021","North West (England)","AA/AO","Male","Heterosexual / straight","50","[c]","20820","21010"
"Leaver Dept.","2021","North West (England)","AA/AO","Male","LGBO","10","[c]","[c]","[c]"
"Leaver Dept.","2021","North West (England)","AA/AO","Male","Undeclared","5","[c]","[c]","[c]"
"Leaver Dept.","2021","North West (England)","AA/AO","Male","Unknown","115","[c]","[c]","[c]"
"Leaver Dept.","2021","North West (England)","AA/AO","Unknown","Heterosexual / straight","[c]","[c]","[c]","[c]"
"Leaver Dept.","2021","North West (England)","AA/AO","Unknown","LGBO","[c]","[c]","[c]","[c]"
"Leaver Dept.","2021","North West (England)","EO","Female","Heterosexual / straight","110","[c]","25790","25580"
"Leaver Dept.","2021","North West (England)","EO","Female","LGBO","5","[c]","[c]","[c]"
"Leaver Dept.","2021","North West (England)","EO","Female","Undeclared","5","[c]","[c]","[c]"
"Leaver Dept.","2021","North West (England)","EO","Female","Unknown","45","[c]","[c]","[c]"
"Leaver Dept.","2021","North West (England)","EO","Male","Heterosexual / straight","90","[c]","26380","27570"
"Leaver Dept.","2021","North West (England)","EO","Male","LGBO","10","[c]","[c]","[c]"
"Leaver Dept.","2021","North West (England)","EO","Male","Undeclared","5","[c]","[c]","[c]"
"Leaver Dept.","2021","North West (England)","EO","Male","Unknown","55","[c]","[c]","[c]"
"Leaver Dept.","2021","North West (England)","EO","Unknown","Heterosexual / straight","[c]","[c]","[c]","[c]"
"Leaver Dept.","2021","North West (England)","EO","Unknown","LGBO","[c]","[c]","[c]","[c]"
"Leaver Dept.","2021","North West (England)","G6/G7","Female","Heterosexual / straight","20","[c]","[c]","[c]"
"Leaver Dept.","2021","North West (England)","G6/G7","Female","LGBO","[c]","[c]","[c]","[c]"
"Leaver Dept.","2021","North West (England)","G6/G7","Female","Undeclared","[c]","[c]","[c]","[c]"
"Leaver Dept.","2021","North West (England)","G6/G7","Female","Unknown","15","[c]","[c]","[c]"
"Leaver Dept.","2021","North West (England)","G6/G7","Male","Heterosexual / straight","15","[c]","[c]","[c]"
"Leaver Dept.","2021","North West (England)","G6/G7","Male","LGBO","[c]","[c]","[c]","[c]"
"Leaver Dept.","2021","North West (England)","G6/G7","Male","Undeclared","[c]","[c]","[c]","[c]"
"Leaver Dept.","2021","North West (England)","G6/G7","Male","Unknown","20","[c]","[c]","[c]"
"Leaver Dept.","2021","North West (England)","G6/G7","Unknown","Heterosexual / straight","[c]","[c]","[c]","[c]"
"Leaver Dept.","2021","North West (England)","G6/G7","Unknown","LGBO","[c]","[c]","[c]","[c]"
"Leaver Dept.","2021","North West (England)","SCS level","Female","Heterosexual / straight","[c]","[c]","[c]","[c]"
"Leaver Dept.","2021","North West (England)","SCS level","Female","LGBO","[c]","[c]","[c]","[c]"
"Leaver Dept.","2021","North West (England)","SCS level","Female","Undeclared","[c]","[c]","[c]","[c]"
"Leaver Dept.","2021","North West (England)","SCS level","Female","Unknown","[c]","[c]","[c]","[c]"
"Leaver Dept.","2021","North West (England)","SCS level","Male","Heterosexual / straight","[c]","[c]","[c]","[c]"
"Leaver Dept.","2021","North West (England)","SCS level","Male","LGBO","[c]","[c]","[c]","[c]"
"Leaver Dept.","2021","North West (England)","SCS level","Male","Undeclared","[c]","[c]","[c]","[c]"
"Leaver Dept.","2021","North West (England)","SCS level","Male","Unknown","[c]","[c]","[c]","[c]"
"Leaver Dept.","2021","North West (England)","SCS level","Unknown","Heterosexual / straight","[c]","[c]","[c]","[c]"
"Leaver Dept.","2021","North West (England)","SCS level","Unknown","LGBO","[c]","[c]","[c]","[c]"
"Leaver Dept.","2021","North West (England)","SEO/HEO","Female","Heterosexual / straight","70","[c]","33600","32000"
"Leaver Dept.","2021","North West (England)","SEO/HEO","Female","LGBO","[c]","[c]","[c]","[c]"
"Leaver Dept.","2021","North West (England)","SEO/HEO","Female","Undeclared","[c]","[c]","[c]","[c]"
"Leaver Dept.","2021","North West (England)","SEO/HEO","Female","Unknown","65","[c]","[c]","[c]"
"Leaver Dept.","2021","North West (England)","SEO/HEO","Male","Heterosexual / straight","45","[c]","35600","34640"
"Leaver Dept.","2021","North West (England)","SEO/HEO","Male","LGBO","[c]","[c]","[c]","[c]"
"Leaver Dept.","2021","North West (England)","SEO/HEO","Male","Undeclared","10","[c]","[c]","[c]"
"Leaver Dept.","2021","North West (England)","SEO/HEO","Male","Unknown","40","[c]","[c]","[c]"
"Leaver Dept.","2021","North West (England)","SEO/HEO","Unknown","Heterosexual / straight","[c]","[c]","[c]","[c]"
"Leaver Dept.","2021","North West (England)","SEO/HEO","Unknown","LGBO","[c]","[c]","[c]","[c]"
"Leaver Dept.","2021","North West (England)","Unknown","Female","Heterosexual / straight","5","[c]","[c]","[c]"
"Leaver Dept.","2021","North West (England)","Unknown","Female","LGBO","[c]","[c]","[c]","[c]"
"Leaver Dept.","2021","North West (England)","Unknown","Female","Undeclared","[c]","[c]","[c]","[c]"
"Leaver Dept.","2021","North West (England)","Unknown","Female","Unknown","15","[c]","[c]","[c]"
"Leaver Dept.","2021","North West (England)","Unknown","Male","Heterosexual / straight","[c]","[c]","[c]","[c]"
"Leaver Dept.","2021","North West (England)","Unknown","Male","LGBO","[c]","[c]","[c]","[c]"
"Leaver Dept.","2021","North West (England)","Unknown","Male","Undeclared","[c]","[c]","[c]","[c]"
"Leaver Dept.","2021","North West (England)","Unknown","Male","Unknown","5","[c]","[c]","[c]"
"Leaver Dept.","2021","North West (England)","Unknown","Unknown","Heterosexual / straight","[c]","[c]","[c]","[c]"
"Leaver Dept.","2021","North West (England)","Unknown","Unknown","LGBO","[c]","[c]","[c]","[c]"
"Leaver Dept.","2021","Northern Ireland","AA/AO","Female","Heterosexual / straight","[c]","[c]","[c]","[c]"
"Leaver Dept.","2021","Northern Ireland","AA/AO","Female","LGBO","[c]","[c]","[c]","[c]"
"Leaver Dept.","2021","Northern Ireland","AA/AO","Female","Undeclared","[c]","[c]","[c]","[c]"
"Leaver Dept.","2021","Northern Ireland","AA/AO","Female","Unknown","[c]","[c]","[c]","[c]"
"Leaver Dept.","2021","Northern Ireland","AA/AO","Male","Heterosexual / straight","[c]","[c]","[c]","[c]"
"Leaver Dept.","2021","Northern Ireland","AA/AO","Male","LGBO","[c]","[c]","[c]","[c]"
"Leaver Dept.","2021","Northern Ireland","AA/AO","Male","Undeclared","[c]","[c]","[c]","[c]"
"Leaver Dept.","2021","Northern Ireland","AA/AO","Male","Unknown","10","[c]","[c]","[c]"
"Leaver Dept.","2021","Northern Ireland","AA/AO","Unknown","Heterosexual / straight","[c]","[c]","[c]","[c]"
"Leaver Dept.","2021","Northern Ireland","AA/AO","Unknown","LGBO","[c]","[c]","[c]","[c]"
"Leaver Dept.","2021","Northern Ireland","EO","Female","Heterosexual / straight","5","[c]","[c]","[c]"
"Leaver Dept.","2021","Northern Ireland","EO","Female","LGBO","[c]","[c]","[c]","[c]"
"Leaver Dept.","2021","Northern Ireland","EO","Female","Undeclared","[c]","[c]","[c]","[c]"
"Leaver Dept.","2021","Northern Ireland","EO","Female","Unknown","[c]","[c]","[c]","[c]"
"Leaver Dept.","2021","Northern Ireland","EO","Male","Heterosexual / straight","[c]","[c]","[c]","[c]"
"Leaver Dept.","2021","Northern Ireland","EO","Male","LGBO","[c]","[c]","[c]","[c]"
"Leaver Dept.","2021","Northern Ireland","EO","Male","Undeclared","[c]","[c]","[c]","[c]"
"Leaver Dept.","2021","Northern Ireland","EO","Male","Unknown","[c]","[c]","[c]","[c]"
"Leaver Dept.","2021","Northern Ireland","EO","Unknown","Heterosexual / straight","[c]","[c]","[c]","[c]"
"Leaver Dept.","2021","Northern Ireland","EO","Unknown","LGBO","[c]","[c]","[c]","[c]"
"Leaver Dept.","2021","Northern Ireland","G6/G7","Female","Heterosexual / straight","[c]","[c]","[c]","[c]"
"Leaver Dept.","2021","Northern Ireland","G6/G7","Female","LGBO","[c]","[c]","[c]","[c]"
"Leaver Dept.","2021","Northern Ireland","G6/G7","Female","Undeclared","[c]","[c]","[c]","[c]"
"Leaver Dept.","2021","Northern Ireland","G6/G7","Female","Unknown","[c]","[c]","[c]","[c]"
"Leaver Dept.","2021","Northern Ireland","G6/G7","Male","Heterosexual / straight","[c]","[c]","[c]","[c]"
"Leaver Dept.","2021","Northern Ireland","G6/G7","Male","LGBO","[c]","[c]","[c]","[c]"
"Leaver Dept.","2021","Northern Ireland","G6/G7","Male","Undeclared","[c]","[c]","[c]","[c]"
"Leaver Dept.","2021","Northern Ireland","G6/G7","Male","Unknown","[c]","[c]","[c]","[c]"
"Leaver Dept.","2021","Northern Ireland","G6/G7","Unknown","Heterosexual / straight","[c]","[c]","[c]","[c]"
"Leaver Dept.","2021","Northern Ireland","G6/G7","Unknown","LGBO","[c]","[c]","[c]","[c]"
"Leaver Dept.","2021","Northern Ireland","SEO/HEO","Female","Heterosexual / straight","5","[c]","[c]","[c]"
"Leaver Dept.","2021","Northern Ireland","SEO/HEO","Female","LGBO","[c]","[c]","[c]","[c]"
"Leaver Dept.","2021","Northern Ireland","SEO/HEO","Female","Undeclared","[c]","[c]","[c]","[c]"
"Leaver Dept.","2021","Northern Ireland","SEO/HEO","Female","Unknown","[c]","[c]","[c]","[c]"
"Leaver Dept.","2021","Northern Ireland","SEO/HEO","Male","Heterosexual / straight","[c]","[c]","[c]","[c]"
"Leaver Dept.","2021","Northern Ireland","SEO/HEO","Male","LGBO","[c]","[c]","[c]","[c]"
"Leaver Dept.","2021","Northern Ireland","SEO/HEO","Male","Undeclared","[c]","[c]","[c]","[c]"
"Leaver Dept.","2021","Northern Ireland","SEO/HEO","Male","Unknown","[c]","[c]","[c]","[c]"
"Leaver Dept.","2021","Northern Ireland","SEO/HEO","Unknown","Heterosexual / straight","[c]","[c]","[c]","[c]"
"Leaver Dept.","2021","Northern Ireland","SEO/HEO","Unknown","LGBO","[c]","[c]","[c]","[c]"
"Leaver Dept.","2021","Overseas","EO","Female","Heterosexual / straight","[c]","[c]","[c]","[c]"
"Leaver Dept.","2021","Overseas","EO","Female","LGBO","[c]","[c]","[c]","[c]"
"Leaver Dept.","2021","Overseas","EO","Female","Undeclared","[c]","[c]","[c]","[c]"
"Leaver Dept.","2021","Overseas","EO","Female","Unknown","[c]","[c]","[c]","[c]"
"Leaver Dept.","2021","Overseas","EO","Male","Heterosexual / straight","[c]","[c]","[c]","[c]"
"Leaver Dept.","2021","Overseas","EO","Male","LGBO","[c]","[c]","[c]","[c]"
"Leaver Dept.","2021","Overseas","EO","Male","Undeclared","[c]","[c]","[c]","[c]"
"Leaver Dept.","2021","Overseas","EO","Male","Unknown","[c]","[c]","[c]","[c]"
"Leaver Dept.","2021","Overseas","EO","Unknown","Heterosexual / straight","[c]","[c]","[c]","[c]"
"Leaver Dept.","2021","Overseas","EO","Unknown","LGBO","[c]","[c]","[c]","[c]"
"Leaver Dept.","2021","Overseas","G6/G7","Female","Heterosexual / straight","5","[c]","[c]","[c]"
"Leaver Dept.","2021","Overseas","G6/G7","Female","LGBO","[c]","[c]","[c]","[c]"
"Leaver Dept.","2021","Overseas","G6/G7","Female","Undeclared","[c]","[c]","[c]","[c]"
"Leaver Dept.","2021","Overseas","G6/G7","Female","Unknown","15","[c]","[c]","[c]"
"Leaver Dept.","2021","Overseas","G6/G7","Male","Heterosexual / straight","5","[c]","[c]","[c]"
"Leaver Dept.","2021","Overseas","G6/G7","Male","LGBO","[c]","[c]","[c]","[c]"
"Leaver Dept.","2021","Overseas","G6/G7","Male","Undeclared","[c]","[c]","[c]","[c]"
"Leaver Dept.","2021","Overseas","G6/G7","Male","Unknown","20","[c]","[c]","[c]"
"Leaver Dept.","2021","Overseas","G6/G7","Unknown","Heterosexual / straight","[c]","[c]","[c]","[c]"
"Leaver Dept.","2021","Overseas","G6/G7","Unknown","LGBO","[c]","[c]","[c]","[c]"
"Leaver Dept.","2021","Overseas","SCS level","Female","Heterosexual / straight","[c]","[c]","[c]","[c]"
"Leaver Dept.","2021","Overseas","SCS level","Female","LGBO","[c]","[c]","[c]","[c]"
"Leaver Dept.","2021","Overseas","SCS level","Female","Undeclared","[c]","[c]","[c]","[c]"
"Leaver Dept.","2021","Overseas","SCS level","Female","Unknown","[c]","[c]","[c]","[c]"
"Leaver Dept.","2021","Overseas","SCS level","Male","Heterosexual / straight","[c]","[c]","[c]","[c]"
"Leaver Dept.","2021","Overseas","SCS level","Male","LGBO","[c]","[c]","[c]","[c]"
"Leaver Dept.","2021","Overseas","SCS level","Male","Undeclared","[c]","[c]","[c]","[c]"
"Leaver Dept.","2021","Overseas","SCS level","Male","Unknown","[c]","[c]","[c]","[c]"
"Leaver Dept.","2021","Overseas","SCS level","Unknown","Heterosexual / straight","[c]","[c]","[c]","[c]"
"Leaver Dept.","2021","Overseas","SCS level","Unknown","LGBO","[c]","[c]","[c]","[c]"
"Leaver Dept.","2021","Overseas","SEO/HEO","Female","Heterosexual / straight","5","[c]","[c]","[c]"
"Leaver Dept.","2021","Overseas","SEO/HEO","Female","LGBO","[c]","[c]","[c]","[c]"
"Leaver Dept.","2021","Overseas","SEO/HEO","Female","Undeclared","[c]","[c]","[c]","[c]"
"Leaver Dept.","2021","Overseas","SEO/HEO","Female","Unknown","15","[c]","[c]","[c]"
"Leaver Dept.","2021","Overseas","SEO/HEO","Male","Heterosexual / straight","10","[c]","[c]","[c]"
"Leaver Dept.","2021","Overseas","SEO/HEO","Male","LGBO","[c]","[c]","[c]","[c]"
"Leaver Dept.","2021","Overseas","SEO/HEO","Male","Undeclared","[c]","[c]","[c]","[c]"
"Leaver Dept.","2021","Overseas","SEO/HEO","Male","Unknown","15","[c]","[c]","[c]"
"Leaver Dept.","2021","Overseas","SEO/HEO","Unknown","Heterosexual / straight","[c]","[c]","[c]","[c]"
"Leaver Dept.","2021","Overseas","SEO/HEO","Unknown","LGBO","[c]","[c]","[c]","[c]"
"Leaver Dept.","2021","Scotland","AA/AO","Female","Heterosexual / straight","40","[c]","20430","20920"
"Leaver Dept.","2021","Scotland","AA/AO","Female","LGBO","[c]","[c]","[c]","[c]"
"Leaver Dept.","2021","Scotland","AA/AO","Female","Undeclared","10","[c]","[c]","[c]"
"Leaver Dept.","2021","Scotland","AA/AO","Female","Unknown","85","[c]","[c]","[c]"
"Leaver Dept.","2021","Scotland","AA/AO","Male","Heterosexual / straight","25","[c]","[c]","[c]"
"Leaver Dept.","2021","Scotland","AA/AO","Male","LGBO","5","[c]","[c]","[c]"
"Leaver Dept.","2021","Scotland","AA/AO","Male","Undeclared","5","[c]","[c]","[c]"
"Leaver Dept.","2021","Scotland","AA/AO","Male","Unknown","65","[c]","[c]","[c]"
"Leaver Dept.","2021","Scotland","AA/AO","Unknown","Heterosexual / straight","[c]","[c]","[c]","[c]"
"Leaver Dept.","2021","Scotland","AA/AO","Unknown","LGBO","[c]","[c]","[c]","[c]"
"Leaver Dept.","2021","Scotland","EO","Female","Heterosexual / straight","45","[c]","26350","27130"
"Leaver Dept.","2021","Scotland","EO","Female","LGBO","[c]","[c]","[c]","[c]"
"Leaver Dept.","2021","Scotland","EO","Female","Undeclared","5","[c]","[c]","[c]"
"Leaver Dept.","2021","Scotland","EO","Female","Unknown","55","[c]","[c]","[c]"
"Leaver Dept.","2021","Scotland","EO","Male","Heterosexual / straight","25","[c]","[c]","[c]"
"Leaver Dept.","2021","Scotland","EO","Male","LGBO","5","[c]","[c]","[c]"
"Leaver Dept.","2021","Scotland","EO","Male","Undeclared","10","[c]","[c]","[c]"
"Leaver Dept.","2021","Scotland","EO","Male","Unknown","40","[c]","[c]","[c]"
"Leaver Dept.","2021","Scotland","EO","Unknown","Heterosexual / straight","[c]","[c]","[c]","[c]"
"Leaver Dept.","2021","Scotland","EO","Unknown","LGBO","[c]","[c]","[c]","[c]"
"Leaver Dept.","2021","Scotland","G6/G7","Female","Heterosexual / straight","15","[c]","[c]","[c]"
"Leaver Dept.","2021","Scotland","G6/G7","Female","LGBO","[c]","[c]","[c]","[c]"
"Leaver Dept.","2021","Scotland","G6/G7","Female","Undeclared","[c]","[c]","[c]","[c]"
"Leaver Dept.","2021","Scotland","G6/G7","Female","Unknown","5","[c]","[c]","[c]"
"Leaver Dept.","2021","Scotland","G6/G7","Male","Heterosexual / straight","5","[c]","[c]","[c]"
"Leaver Dept.","2021","Scotland","G6/G7","Male","LGBO","[c]","[c]","[c]","[c]"
"Leaver Dept.","2021","Scotland","G6/G7","Male","Undeclared","[c]","[c]","[c]","[c]"
"Leaver Dept.","2021","Scotland","G6/G7","Male","Unknown","10","[c]","[c]","[c]"
"Leaver Dept.","2021","Scotland","G6/G7","Unknown","Heterosexual / straight","[c]","[c]","[c]","[c]"
"Leaver Dept.","2021","Scotland","G6/G7","Unknown","LGBO","[c]","[c]","[c]","[c]"
"Leaver Dept.","2021","Scotland","SCS level","Female","Heterosexual / straight","[c]","[c]","[c]","[c]"
"Leaver Dept.","2021","Scotland","SCS level","Female","LGBO","[c]","[c]","[c]","[c]"
"Leaver Dept.","2021","Scotland","SCS level","Female","Undeclared","[c]","[c]","[c]","[c]"
"Leaver Dept.","2021","Scotland","SCS level","Female","Unknown","[c]","[c]","[c]","[c]"
"Leaver Dept.","2021","Scotland","SCS level","Male","Heterosexual / straight","[c]","[c]","[c]","[c]"
"Leaver Dept.","2021","Scotland","SCS level","Male","LGBO","[c]","[c]","[c]","[c]"
"Leaver Dept.","2021","Scotland","SCS level","Male","Undeclared","[c]","[c]","[c]","[c]"
"Leaver Dept.","2021","Scotland","SCS level","Male","Unknown","[c]","[c]","[c]","[c]"
"Leaver Dept.","2021","Scotland","SCS level","Unknown","Heterosexual / straight","[c]","[c]","[c]","[c]"
"Leaver Dept.","2021","Scotland","SCS level","Unknown","LGBO","[c]","[c]","[c]","[c]"
"Leaver Dept.","2021","Scotland","SEO/HEO","Female","Heterosexual / straight","40","[c]","35380","34090"
"Leaver Dept.","2021","Scotland","SEO/HEO","Female","LGBO","5","[c]","[c]","[c]"
"Leaver Dept.","2021","Scotland","SEO/HEO","Female","Undeclared","5","[c]","[c]","[c]"
"Leaver Dept.","2021","Scotland","SEO/HEO","Female","Unknown","25","[c]","[c]","[c]"
"Leaver Dept.","2021","Scotland","SEO/HEO","Male","Heterosexual / straight","20","[c]","[c]","[c]"
"Leaver Dept.","2021","Scotland","SEO/HEO","Male","LGBO","[c]","[c]","[c]","[c]"
"Leaver Dept.","2021","Scotland","SEO/HEO","Male","Undeclared","[c]","[c]","[c]","[c]"
"Leaver Dept.","2021","Scotland","SEO/HEO","Male","Unknown","30","[c]","[c]","[c]"
"Leaver Dept.","2021","Scotland","SEO/HEO","Unknown","Heterosexual / straight","[c]","[c]","[c]","[c]"
"Leaver Dept.","2021","Scotland","SEO/HEO","Unknown","LGBO","[c]","[c]","[c]","[c]"
"Leaver Dept.","2021","Scotland","Unknown","Female","Heterosexual / straight","[c]","[c]","[c]","[c]"
"Leaver Dept.","2021","Scotland","Unknown","Female","LGBO","[c]","[c]","[c]","[c]"
"Leaver Dept.","2021","Scotland","Unknown","Female","Undeclared","[c]","[c]","[c]","[c]"
"Leaver Dept.","2021","Scotland","Unknown","Female","Unknown","[c]","[c]","[c]","[c]"
"Leaver Dept.","2021","Scotland","Unknown","Male","Heterosexual / straight","[c]","[c]","[c]","[c]"
"Leaver Dept.","2021","Scotland","Unknown","Male","LGBO","[c]","[c]","[c]","[c]"
"Leaver Dept.","2021","Scotland","Unknown","Male","Undeclared","[c]","[c]","[c]","[c]"
"Leaver Dept.","2021","Scotland","Unknown","Male","Unknown","[c]","[c]","[c]","[c]"
"Leaver Dept.","2021","Scotland","Unknown","Unknown","Heterosexual / straight","[c]","[c]","[c]","[c]"
"Leaver Dept.","2021","Scotland","Unknown","Unknown","LGBO","[c]","[c]","[c]","[c]"
"Leaver Dept.","2021","South East (England)","AA/AO","Female","Heterosexual / straight","40","[c]","[c]","[c]"
"Leaver Dept.","2021","South East (England)","AA/AO","Female","LGBO","[c]","[c]","[c]","[c]"
"Leaver Dept.","2021","South East (England)","AA/AO","Female","Undeclared","5","[c]","[c]","[c]"
"Leaver Dept.","2021","South East (England)","AA/AO","Female","Unknown","20","[c]","[c]","[c]"
"Leaver Dept.","2021","South East (England)","AA/AO","Male","Heterosexual / straight","35","[c]","[c]","[c]"
"Leaver Dept.","2021","South East (England)","AA/AO","Male","LGBO","[c]","[c]","[c]","[c]"
"Leaver Dept.","2021","South East (England)","AA/AO","Male","Undeclared","10","[c]","[c]","[c]"
"Leaver Dept.","2021","South East (England)","AA/AO","Male","Unknown","25","[c]","[c]","[c]"
"Leaver Dept.","2021","South East (England)","AA/AO","Unknown","Heterosexual / straight","[c]","[c]","[c]","[c]"
"Leaver Dept.","2021","South East (England)","AA/AO","Unknown","LGBO","[c]","[c]","[c]","[c]"
"Leaver Dept.","2021","South East (England)","EO","Female","Heterosexual / straight","35","[c]","27480","27570"
"Leaver Dept.","2021","South East (England)","EO","Female","LGBO","[c]","[c]","[c]","[c]"
"Leaver Dept.","2021","South East (England)","EO","Female","Undeclared","5","[c]","[c]","[c]"
"Leaver Dept.","2021","South East (England)","EO","Female","Unknown","15","[c]","[c]","[c]"
"Leaver Dept.","2021","South East (England)","EO","Male","Heterosexual / straight","25","[c]","[c]","[c]"
"Leaver Dept.","2021","South East (England)","EO","Male","LGBO","[c]","[c]","[c]","[c]"
"Leaver Dept.","2021","South East (England)","EO","Male","Undeclared","5","[c]","[c]","[c]"
"Leaver Dept.","2021","South East (England)","EO","Male","Unknown","10","[c]","[c]","[c]"
"Leaver Dept.","2021","South East (England)","EO","Unknown","Heterosexual / straight","[c]","[c]","[c]","[c]"
"Leaver Dept.","2021","South East (England)","EO","Unknown","LGBO","[c]","[c]","[c]","[c]"
"Leaver Dept.","2021","South East (England)","G6/G7","Female","Heterosexual / straight","15","[c]","[c]","[c]"
"Leaver Dept.","2021","South East (England)","G6/G7","Female","LGBO","[c]","[c]","[c]","[c]"
"Leaver Dept.","2021","South East (England)","G6/G7","Female","Undeclared","[c]","[c]","[c]","[c]"
"Leaver Dept.","2021","South East (England)","G6/G7","Female","Unknown","5","[c]","[c]","[c]"
"Leaver Dept.","2021","South East (England)","G6/G7","Male","Heterosexual / straight","15","[c]","[c]","[c]"
"Leaver Dept.","2021","South East (England)","G6/G7","Male","LGBO","[c]","[c]","[c]","[c]"
"Leaver Dept.","2021","South East (England)","G6/G7","Male","Undeclared","[c]","[c]","[c]","[c]"
"Leaver Dept.","2021","South East (England)","G6/G7","Male","Unknown","5","[c]","[c]","[c]"
"Leaver Dept.","2021","South East (England)","G6/G7","Unknown","Heterosexual / straight","[c]","[c]","[c]","[c]"
"Leaver Dept.","2021","South East (England)","G6/G7","Unknown","LGBO","[c]","[c]","[c]","[c]"
"Leaver Dept.","2021","South East (England)","SCS level","Female","Heterosexual / straight","[c]","[c]","[c]","[c]"
"Leaver Dept.","2021","South East (England)","SCS level","Female","LGBO","[c]","[c]","[c]","[c]"
"Leaver Dept.","2021","South East (England)","SCS level","Female","Undeclared","[c]","[c]","[c]","[c]"
"Leaver Dept.","2021","South East (England)","SCS level","Female","Unknown","[c]","[c]","[c]","[c]"
"Leaver Dept.","2021","South East (England)","SCS level","Male","Heterosexual / straight","[c]","[c]","[c]","[c]"
"Leaver Dept.","2021","South East (England)","SCS level","Male","LGBO","[c]","[c]","[c]","[c]"
"Leaver Dept.","2021","South East (England)","SCS level","Male","Undeclared","[c]","[c]","[c]","[c]"
"Leaver Dept.","2021","South East (England)","SCS level","Male","Unknown","[c]","[c]","[c]","[c]"
"Leaver Dept.","2021","South East (England)","SCS level","Unknown","Heterosexual / straight","[c]","[c]","[c]","[c]"
"Leaver Dept.","2021","South East (England)","SCS level","Unknown","LGBO","[c]","[c]","[c]","[c]"
"Leaver Dept.","2021","South East (England)","SEO/HEO","Female","Heterosexual / straight","50","[c]","33490","32150"
"Leaver Dept.","2021","South East (England)","SEO/HEO","Female","LGBO","[c]","[c]","[c]","[c]"
"Leaver Dept.","2021","South East (England)","SEO/HEO","Female","Undeclared","10","[c]","[c]","[c]"
"Leaver Dept.","2021","South East (England)","SEO/HEO","Female","Unknown","20","[c]","[c]","[c]"
"Leaver Dept.","2021","South East (England)","SEO/HEO","Male","Heterosexual / straight","25","[c]","[c]","[c]"
"Leaver Dept.","2021","South East (England)","SEO/HEO","Male","LGBO","[c]","[c]","[c]","[c]"
"Leaver Dept.","2021","South East (England)","SEO/HEO","Male","Undeclared","[c]","[c]","[c]","[c]"
"Leaver Dept.","2021","South East (England)","SEO/HEO","Male","Unknown","15","[c]","[c]","[c]"
"Leaver Dept.","2021","South East (England)","SEO/HEO","Unknown","Heterosexual / straight","[c]","[c]","[c]","[c]"
"Leaver Dept.","2021","South East (England)","SEO/HEO","Unknown","LGBO","[c]","[c]","[c]","[c]"
"Leaver Dept.","2021","South East (England)","Unknown","Female","Heterosexual / straight","10","[c]","[c]","[c]"
"Leaver Dept.","2021","South East (England)","Unknown","Female","LGBO","[c]","[c]","[c]","[c]"
"Leaver Dept.","2021","South East (England)","Unknown","Female","Undeclared","[c]","[c]","[c]","[c]"
"Leaver Dept.","2021","South East (England)","Unknown","Female","Unknown","[c]","[c]","[c]","[c]"
"Leaver Dept.","2021","South East (England)","Unknown","Male","Heterosexual / straight","[c]","[c]","[c]","[c]"
"Leaver Dept.","2021","South East (England)","Unknown","Male","LGBO","[c]","[c]","[c]","[c]"
"Leaver Dept.","2021","South East (England)","Unknown","Male","Undeclared","[c]","[c]","[c]","[c]"
"Leaver Dept.","2021","South East (England)","Unknown","Male","Unknown","[c]","[c]","[c]","[c]"
"Leaver Dept.","2021","South East (England)","Unknown","Unknown","Heterosexual / straight","[c]","[c]","[c]","[c]"
"Leaver Dept.","2021","South East (England)","Unknown","Unknown","LGBO","[c]","[c]","[c]","[c]"
"Leaver Dept.","2021","South West (England)","AA/AO","Female","Heterosexual / straight","30","[c]","[c]","[c]"
"Leaver Dept.","2021","South West (England)","AA/AO","Female","LGBO","[c]","[c]","[c]","[c]"
"Leaver Dept.","2021","South West (England)","AA/AO","Female","Undeclared","[c]","[c]","[c]","[c]"
"Leaver Dept.","2021","South West (England)","AA/AO","Female","Unknown","20","[c]","[c]","[c]"
"Leaver Dept.","2021","South West (England)","AA/AO","Male","Heterosexual / straight","20","[c]","[c]","[c]"
"Leaver Dept.","2021","South West (England)","AA/AO","Male","LGBO","5","[c]","[c]","[c]"
"Leaver Dept.","2021","South West (England)","AA/AO","Male","Undeclared","[c]","[c]","[c]","[c]"
"Leaver Dept.","2021","South West (England)","AA/AO","Male","Unknown","20","[c]","[c]","[c]"
"Leaver Dept.","2021","South West (England)","AA/AO","Unknown","Heterosexual / straight","[c]","[c]","[c]","[c]"
"Leaver Dept.","2021","South West (England)","AA/AO","Unknown","LGBO","[c]","[c]","[c]","[c]"
"Leaver Dept.","2021","South West (England)","EO","Female","Heterosexual / straight","65","[c]","24450","25600"
"Leaver Dept.","2021","South West (England)","EO","Female","LGBO","[c]","[c]","[c]","[c]"
"Leaver Dept.","2021","South West (England)","EO","Female","Undeclared","5","[c]","[c]","[c]"
"Leaver Dept.","2021","South West (England)","EO","Female","Unknown","20","[c]","[c]","[c]"
"Leaver Dept.","2021","South West (England)","EO","Male","Heterosexual / straight","55","[c]","24500","25780"
"Leaver Dept.","2021","South West (England)","EO","Male","LGBO","10","[c]","[c]","[c]"
"Leaver Dept.","2021","South West (England)","EO","Male","Undeclared","5","[c]","[c]","[c]"
"Leaver Dept.","2021","South West (England)","EO","Male","Unknown","20","[c]","[c]","[c]"
"Leaver Dept.","2021","South West (England)","EO","Unknown","Heterosexual / straight","[c]","[c]","[c]","[c]"
"Leaver Dept.","2021","South West (England)","EO","Unknown","LGBO","[c]","[c]","[c]","[c]"
"Leaver Dept.","2021","South West (England)","G6/G7","Female","Heterosexual / straight","40","[c]","55070","54540"
"Leaver Dept.","2021","South West (England)","G6/G7","Female","LGBO","[c]","[c]","[c]","[c]"
"Leaver Dept.","2021","South West (England)","G6/G7","Female","Undeclared","[c]","[c]","[c]","[c]"
"Leaver Dept.","2021","South West (England)","G6/G7","Female","Unknown","20","[c]","[c]","[c]"
"Leaver Dept.","2021","South West (England)","G6/G7","Male","Heterosexual / straight","50","[c]","54540","53930"
"Leaver Dept.","2021","South West (England)","G6/G7","Male","LGBO","[c]","[c]","[c]","[c]"
"Leaver Dept.","2021","South West (England)","G6/G7","Male","Undeclared","5","[c]","[c]","[c]"
"Leaver Dept.","2021","South West (England)","G6/G7","Male","Unknown","15","[c]","[c]","[c]"
"Leaver Dept.","2021","South West (England)","G6/G7","Unknown","Heterosexual / straight","[c]","[c]","[c]","[c]"
"Leaver Dept.","2021","South West (England)","G6/G7","Unknown","LGBO","[c]","[c]","[c]","[c]"
"Leaver Dept.","2021","South West (England)","SCS level","Female","Heterosexual / straight","[c]","[c]","[c]","[c]"
"Leaver Dept.","2021","South West (England)","SCS level","Female","LGBO","[c]","[c]","[c]","[c]"
"Leaver Dept.","2021","South West (England)","SCS level","Female","Undeclared","[c]","[c]","[c]","[c]"
"Leaver Dept.","2021","South West (England)","SCS level","Female","Unknown","[c]","[c]","[c]","[c]"
"Leaver Dept.","2021","South West (England)","SCS level","Male","Heterosexual / straight","[c]","[c]","[c]","[c]"
"Leaver Dept.","2021","South West (England)","SCS level","Male","LGBO","[c]","[c]","[c]","[c]"
"Leaver Dept.","2021","South West (England)","SCS level","Male","Undeclared","[c]","[c]","[c]","[c]"
"Leaver Dept.","2021","South West (England)","SCS level","Male","Unknown","[c]","[c]","[c]","[c]"
"Leaver Dept.","2021","South West (England)","SCS level","Unknown","Heterosexual / straight","[c]","[c]","[c]","[c]"
"Leaver Dept.","2021","South West (England)","SCS level","Unknown","LGBO","[c]","[c]","[c]","[c]"
"Leaver Dept.","2021","South West (England)","SEO/HEO","Female","Heterosexual / straight","120","[c]","32660","32750"
"Leaver Dept.","2021","South West (England)","SEO/HEO","Female","LGBO","10","[c]","[c]","[c]"
"Leaver Dept.","2021","South West (England)","SEO/HEO","Female","Undeclared","10","[c]","[c]","[c]"
"Leaver Dept.","2021","South West (England)","SEO/HEO","Female","Unknown","35","[c]","33380","33120"
"Leaver Dept.","2021","South West (England)","SEO/HEO","Male","Heterosexual / straight","120","[c]","33020","32550"
"Leaver Dept.","2021","South West (England)","SEO/HEO","Male","LGBO","10","[c]","[c]","[c]"
"Leaver Dept.","2021","South West (England)","SEO/HEO","Male","Undeclared","20","[c]","[c]","[c]"
"Leaver Dept.","2021","South West (England)","SEO/HEO","Male","Unknown","40","[c]","35410","35140"
"Leaver Dept.","2021","South West (England)","SEO/HEO","Unknown","Heterosexual / straight","[c]","[c]","[c]","[c]"
"Leaver Dept.","2021","South West (England)","SEO/HEO","Unknown","LGBO","[c]","[c]","[c]","[c]"
"Leaver Dept.","2021","South West (England)","Unknown","Female","Heterosexual / straight","10","[c]","[c]","[c]"
"Leaver Dept.","2021","South West (England)","Unknown","Female","LGBO","[c]","[c]","[c]","[c]"
"Leaver Dept.","2021","South West (England)","Unknown","Female","Undeclared","[c]","[c]","[c]","[c]"
"Leaver Dept.","2021","South West (England)","Unknown","Female","Unknown","[c]","[c]","[c]","[c]"
"Leaver Dept.","2021","South West (England)","Unknown","Male","Heterosexual / straight","5","[c]","[c]","[c]"
"Leaver Dept.","2021","South West (England)","Unknown","Male","LGBO","[c]","[c]","[c]","[c]"
"Leaver Dept.","2021","South West (England)","Unknown","Male","Undeclared","[c]","[c]","[c]","[c]"
"Leaver Dept.","2021","South West (England)","Unknown","Male","Unknown","[c]","[c]","[c]","[c]"
"Leaver Dept.","2021","South West (England)","Unknown","Unknown","Heterosexual / straight","[c]","[c]","[c]","[c]"
"Leaver Dept.","2021","South West (England)","Unknown","Unknown","LGBO","[c]","[c]","[c]","[c]"
"Leaver Dept.","2021","Unknown","AA/AO","Female","Heterosexual / straight","[c]","[c]","[c]","[c]"
"Leaver Dept.","2021","Unknown","AA/AO","Female","LGBO","[c]","[c]","[c]","[c]"
"Leaver Dept.","2021","Unknown","AA/AO","Female","Undeclared","[c]","[c]","[c]","[c]"
"Leaver Dept.","2021","Unknown","AA/AO","Female","Unknown","[c]","[c]","[c]","[c]"
"Leaver Dept.","2021","Unknown","AA/AO","Male","Heterosexual / straight","[c]","[c]","[c]","[c]"
"Leaver Dept.","2021","Unknown","AA/AO","Male","LGBO","[c]","[c]","[c]","[c]"
"Leaver Dept.","2021","Unknown","AA/AO","Male","Undeclared","[c]","[c]","[c]","[c]"
"Leaver Dept.","2021","Unknown","AA/AO","Male","Unknown","[c]","[c]","[c]","[c]"
"Leaver Dept.","2021","Unknown","AA/AO","Unknown","Heterosexual / straight","[c]","[c]","[c]","[c]"
"Leaver Dept.","2021","Unknown","AA/AO","Unknown","LGBO","[c]","[c]","[c]","[c]"
"Leaver Dept.","2021","Unknown","EO","Female","Heterosexual / straight","10","[c]","[c]","[c]"
"Leaver Dept.","2021","Unknown","EO","Female","LGBO","[c]","[c]","[c]","[c]"
"Leaver Dept.","2021","Unknown","EO","Female","Undeclared","[c]","[c]","[c]","[c]"
"Leaver Dept.","2021","Unknown","EO","Female","Unknown","[c]","[c]","[c]","[c]"
"Leaver Dept.","2021","Unknown","EO","Male","Heterosexual / straight","5","[c]","[c]","[c]"
"Leaver Dept.","2021","Unknown","EO","Male","LGBO","[c]","[c]","[c]","[c]"
"Leaver Dept.","2021","Unknown","EO","Male","Undeclared","[c]","[c]","[c]","[c]"
"Leaver Dept.","2021","Unknown","EO","Male","Unknown","[c]","[c]","[c]","[c]"
"Leaver Dept.","2021","Unknown","EO","Unknown","Heterosexual / straight","[c]","[c]","[c]","[c]"
"Leaver Dept.","2021","Unknown","EO","Unknown","LGBO","[c]","[c]","[c]","[c]"
"Leaver Dept.","2021","Unknown","G6/G7","Female","Heterosexual / straight","20","[c]","[c]","[c]"
"Leaver Dept.","2021","Unknown","G6/G7","Female","LGBO","[c]","[c]","[c]","[c]"
"Leaver Dept.","2021","Unknown","G6/G7","Female","Undeclared","5","[c]","[c]","[c]"
"Leaver Dept.","2021","Unknown","G6/G7","Female","Unknown","15","[c]","[c]","[c]"
"Leaver Dept.","2021","Unknown","G6/G7","Male","Heterosexual / straight","25","[c]","[c]","[c]"
"Leaver Dept.","2021","Unknown","G6/G7","Male","LGBO","[c]","[c]","[c]","[c]"
"Leaver Dept.","2021","Unknown","G6/G7","Male","Undeclared","[c]","[c]","[c]","[c]"
"Leaver Dept.","2021","Unknown","G6/G7","Male","Unknown","10","[c]","[c]","[c]"
"Leaver Dept.","2021","Unknown","G6/G7","Unknown","Heterosexual / straight","[c]","[c]","[c]","[c]"
"Leaver Dept.","2021","Unknown","G6/G7","Unknown","LGBO","[c]","[c]","[c]","[c]"
"Leaver Dept.","2021","Unknown","SCS level","Female","Heterosexual / straight","[c]","[c]","[c]","[c]"
"Leaver Dept.","2021","Unknown","SCS level","Female","LGBO","[c]","[c]","[c]","[c]"
"Leaver Dept.","2021","Unknown","SCS level","Female","Undeclared","[c]","[c]","[c]","[c]"
"Leaver Dept.","2021","Unknown","SCS level","Female","Unknown","[c]","[c]","[c]","[c]"
"Leaver Dept.","2021","Unknown","SCS level","Male","Heterosexual / straight","[c]","[c]","[c]","[c]"
"Leaver Dept.","2021","Unknown","SCS level","Male","LGBO","[c]","[c]","[c]","[c]"
"Leaver Dept.","2021","Unknown","SCS level","Male","Undeclared","[c]","[c]","[c]","[c]"
"Leaver Dept.","2021","Unknown","SCS level","Male","Unknown","5","[c]","[c]","[c]"
"Leaver Dept.","2021","Unknown","SCS level","Unknown","Heterosexual / straight","[c]","[c]","[c]","[c]"
"Leaver Dept.","2021","Unknown","SCS level","Unknown","LGBO","[c]","[c]","[c]","[c]"
"Leaver Dept.","2021","Unknown","SEO/HEO","Female","Heterosexual / straight","100","[c]","32820","32000"
"Leaver Dept.","2021","Unknown","SEO/HEO","Female","LGBO","15","[c]","[c]","[c]"
"Leaver Dept.","2021","Unknown","SEO/HEO","Female","Undeclared","20","[c]","[c]","[c]"
"Leaver Dept.","2021","Unknown","SEO/HEO","Female","Unknown","185","[c]","31090","32000"
"Leaver Dept.","2021","Unknown","SEO/HEO","Male","Heterosexual / straight","70","[c]","33040","32000"
"Leaver Dept.","2021","Unknown","SEO/HEO","Male","LGBO","15","[c]","[c]","[c]"
"Leaver Dept.","2021","Unknown","SEO/HEO","Male","Undeclared","10","[c]","[c]","[c]"
"Leaver Dept.","2021","Unknown","SEO/HEO","Male","Unknown","160","[c]","31110","32000"
"Leaver Dept.","2021","Unknown","SEO/HEO","Unknown","Heterosexual / straight","[c]","[c]","[c]","[c]"
"Leaver Dept.","2021","Unknown","SEO/HEO","Unknown","LGBO","[c]","[c]","[c]","[c]"
"Leaver Dept.","2021","Unknown","Unknown","Female","Heterosexual / straight","[c]","[c]","[c]","[c]"
"Leaver Dept.","2021","Unknown","Unknown","Female","LGBO","[c]","[c]","[c]","[c]"
"Leaver Dept.","2021","Unknown","Unknown","Female","Undeclared","[c]","[c]","[c]","[c]"
"Leaver Dept.","2021","Unknown","Unknown","Female","Unknown","[c]","[c]","[c]","[c]"
"Leaver Dept.","2021","Unknown","Unknown","Male","Heterosexual / straight","[c]","[c]","[c]","[c]"
"Leaver Dept.","2021","Unknown","Unknown","Male","LGBO","[c]","[c]","[c]","[c]"
"Leaver Dept.","2021","Unknown","Unknown","Male","Undeclared","[c]","[c]","[c]","[c]"
"Leaver Dept.","2021","Unknown","Unknown","Male","Unknown","5","[c]","[c]","[c]"
"Leaver Dept.","2021","Unknown","Unknown","Unknown","Heterosexual / straight","[c]","[c]","[c]","[c]"
"Leaver Dept.","2021","Unknown","Unknown","Unknown","LGBO","[c]","[c]","[c]","[c]"
"Leaver Dept.","2021","Wales","AA/AO","Female","Heterosexual / straight","60","[c]","20610","21010"
"Leaver Dept.","2021","Wales","AA/AO","Female","LGBO","[c]","[c]","[c]","[c]"
"Leaver Dept.","2021","Wales","AA/AO","Female","Undeclared","[c]","[c]","[c]","[c]"
"Leaver Dept.","2021","Wales","AA/AO","Female","Unknown","50","[c]","[c]","[c]"
"Leaver Dept.","2021","Wales","AA/AO","Male","Heterosexual / straight","35","[c]","20860","21170"
"Leaver Dept.","2021","Wales","AA/AO","Male","LGBO","[c]","[c]","[c]","[c]"
"Leaver Dept.","2021","Wales","AA/AO","Male","Undeclared","[c]","[c]","[c]","[c]"
"Leaver Dept.","2021","Wales","AA/AO","Male","Unknown","50","[c]","[c]","[c]"
"Leaver Dept.","2021","Wales","AA/AO","Unknown","Heterosexual / straight","[c]","[c]","[c]","[c]"
"Leaver Dept.","2021","Wales","AA/AO","Unknown","LGBO","[c]","[c]","[c]","[c]"
"Leaver Dept.","2021","Wales","EO","Female","Heterosexual / straight","45","[c]","26250","26980"
"Leaver Dept.","2021","Wales","EO","Female","LGBO","[c]","[c]","[c]","[c]"
"Leaver Dept.","2021","Wales","EO","Female","Undeclared","5","[c]","[c]","[c]"
"Leaver Dept.","2021","Wales","EO","Female","Unknown","30","[c]","[c]","[c]"
"Leaver Dept.","2021","Wales","EO","Male","Heterosexual / straight","25","[c]","[c]","[c]"
"Leaver Dept.","2021","Wales","EO","Male","LGBO","[c]","[c]","[c]","[c]"
"Leaver Dept.","2021","Wales","EO","Male","Undeclared","[c]","[c]","[c]","[c]"
"Leaver Dept.","2021","Wales","EO","Male","Unknown","25","[c]","[c]","[c]"
"Leaver Dept.","2021","Wales","EO","Unknown","Heterosexual / straight","[c]","[c]","[c]","[c]"
"Leaver Dept.","2021","Wales","EO","Unknown","LGBO","[c]","[c]","[c]","[c]"
"Leaver Dept.","2021","Wales","G6/G7","Female","Heterosexual / straight","10","[c]","[c]","[c]"
"Leaver Dept.","2021","Wales","G6/G7","Female","LGBO","[c]","[c]","[c]","[c]"
"Leaver Dept.","2021","Wales","G6/G7","Female","Undeclared","[c]","[c]","[c]","[c]"
"Leaver Dept.","2021","Wales","G6/G7","Female","Unknown","10","[c]","[c]","[c]"
"Leaver Dept.","2021","Wales","G6/G7","Male","Heterosexual / straight","25","[c]","[c]","[c]"
"Leaver Dept.","2021","Wales","G6/G7","Male","LGBO","[c]","[c]","[c]","[c]"
"Leaver Dept.","2021","Wales","G6/G7","Male","Undeclared","[c]","[c]","[c]","[c]"
"Leaver Dept.","2021","Wales","G6/G7","Male","Unknown","15","[c]","[c]","[c]"
"Leaver Dept.","2021","Wales","G6/G7","Unknown","Heterosexual / straight","[c]","[c]","[c]","[c]"
"Leaver Dept.","2021","Wales","G6/G7","Unknown","LGBO","[c]","[c]","[c]","[c]"
"Leaver Dept.","2021","Wales","SCS level","Female","Heterosexual / straight","[c]","[c]","[c]","[c]"
"Leaver Dept.","2021","Wales","SCS level","Female","LGBO","[c]","[c]","[c]","[c]"
"Leaver Dept.","2021","Wales","SCS level","Female","Undeclared","[c]","[c]","[c]","[c]"
"Leaver Dept.","2021","Wales","SCS level","Female","Unknown","[c]","[c]","[c]","[c]"
"Leaver Dept.","2021","Wales","SCS level","Male","Heterosexual / straight","[c]","[c]","[c]","[c]"
"Leaver Dept.","2021","Wales","SCS level","Male","LGBO","[c]","[c]","[c]","[c]"
"Leaver Dept.","2021","Wales","SCS level","Male","Undeclared","[c]","[c]","[c]","[c]"
"Leaver Dept.","2021","Wales","SCS level","Male","Unknown","[c]","[c]","[c]","[c]"
"Leaver Dept.","2021","Wales","SCS level","Unknown","Heterosexual / straight","[c]","[c]","[c]","[c]"
"Leaver Dept.","2021","Wales","SCS level","Unknown","LGBO","[c]","[c]","[c]","[c]"
"Leaver Dept.","2021","Wales","SEO/HEO","Female","Heterosexual / straight","60","[c]","35030","33300"
"Leaver Dept.","2021","Wales","SEO/HEO","Female","LGBO","10","[c]","[c]","[c]"
"Leaver Dept.","2021","Wales","SEO/HEO","Female","Undeclared","[c]","[c]","[c]","[c]"
"Leaver Dept.","2021","Wales","SEO/HEO","Female","Unknown","20","[c]","[c]","[c]"
"Leaver Dept.","2021","Wales","SEO/HEO","Male","Heterosexual / straight","55","[c]","35620","36030"
"Leaver Dept.","2021","Wales","SEO/HEO","Male","LGBO","[c]","[c]","[c]","[c]"
"Leaver Dept.","2021","Wales","SEO/HEO","Male","Undeclared","5","[c]","[c]","[c]"
"Leaver Dept.","2021","Wales","SEO/HEO","Male","Unknown","20","[c]","[c]","[c]"
"Leaver Dept.","2021","Wales","SEO/HEO","Unknown","Heterosexual / straight","[c]","[c]","[c]","[c]"
"Leaver Dept.","2021","Wales","SEO/HEO","Unknown","LGBO","[c]","[c]","[c]","[c]"
"Leaver Dept.","2021","Wales","Unknown","Female","Heterosexual / straight","[c]","[c]","[c]","[c]"
"Leaver Dept.","2021","Wales","Unknown","Female","LGBO","[c]","[c]","[c]","[c]"
"Leaver Dept.","2021","Wales","Unknown","Female","Undeclared","[c]","[c]","[c]","[c]"
"Leaver Dept.","2021","Wales","Unknown","Female","Unknown","[c]","[c]","[c]","[c]"
"Leaver Dept.","2021","Wales","Unknown","Male","Heterosexual / straight","[c]","[c]","[c]","[c]"
"Leaver Dept.","2021","Wales","Unknown","Male","LGBO","[c]","[c]","[c]","[c]"
"Leaver Dept.","2021","Wales","Unknown","Male","Undeclared","[c]","[c]","[c]","[c]"
"Leaver Dept.","2021","Wales","Unknown","Male","Unknown","[c]","[c]","[c]","[c]"
"Leaver Dept.","2021","Wales","Unknown","Unknown","Heterosexual / straight","[c]","[c]","[c]","[c]"
"Leaver Dept.","2021","Wales","Unknown","Unknown","LGBO","[c]","[c]","[c]","[c]"
"Leaver Dept.","2021","West Midlands (England)","AA/AO","Female","Heterosexual / straight","65","[c]","20110","19930"
"Leaver Dept.","2021","West Midlands (England)","AA/AO","Female","LGBO","[c]","[c]","[c]","[c]"
"Leaver Dept.","2021","West Midlands (England)","AA/AO","Female","Undeclared","5","[c]","[c]","[c]"
"Leaver Dept.","2021","West Midlands (England)","AA/AO","Female","Unknown","55","[c]","[c]","[c]"
"Leaver Dept.","2021","West Midlands (England)","AA/AO","Male","Heterosexual / straight","45","[c]","20380","19930"
"Leaver Dept.","2021","West Midlands (England)","AA/AO","Male","LGBO","[c]","[c]","[c]","[c]"
"Leaver Dept.","2021","West Midlands (England)","AA/AO","Male","Undeclared","[c]","[c]","[c]","[c]"
"Leaver Dept.","2021","West Midlands (England)","AA/AO","Male","Unknown","40","[c]","[c]","[c]"
"Leaver Dept.","2021","West Midlands (England)","AA/AO","Unknown","Heterosexual / straight","[c]","[c]","[c]","[c]"
"Leaver Dept.","2021","West Midlands (England)","AA/AO","Unknown","LGBO","[c]","[c]","[c]","[c]"
"Leaver Dept.","2021","West Midlands (England)","EO","Female","Heterosexual / straight","60","[c]","24880","24760"
"Leaver Dept.","2021","West Midlands (England)","EO","Female","LGBO","[c]","[c]","[c]","[c]"
"Leaver Dept.","2021","West Midlands (England)","EO","Female","Undeclared","[c]","[c]","[c]","[c]"
"Leaver Dept.","2021","West Midlands (England)","EO","Female","Unknown","30","[c]","[c]","[c]"
"Leaver Dept.","2021","West Midlands (England)","EO","Male","Heterosexual / straight","25","[c]","[c]","[c]"
"Leaver Dept.","2021","West Midlands (England)","EO","Male","LGBO","[c]","[c]","[c]","[c]"
"Leaver Dept.","2021","West Midlands (England)","EO","Male","Undeclared","5","[c]","[c]","[c]"
"Leaver Dept.","2021","West Midlands (England)","EO","Male","Unknown","25","[c]","[c]","[c]"
"Leaver Dept.","2021","West Midlands (England)","EO","Unknown","Heterosexual / straight","[c]","[c]","[c]","[c]"
"Leaver Dept.","2021","West Midlands (England)","EO","Unknown","LGBO","[c]","[c]","[c]","[c]"
"Leaver Dept.","2021","West Midlands (England)","G6/G7","Female","Heterosexual / straight","15","[c]","[c]","[c]"
"Leaver Dept.","2021","West Midlands (England)","G6/G7","Female","LGBO","[c]","[c]","[c]","[c]"
"Leaver Dept.","2021","West Midlands (England)","G6/G7","Female","Undeclared","[c]","[c]","[c]","[c]"
"Leaver Dept.","2021","West Midlands (England)","G6/G7","Female","Unknown","10","[c]","[c]","[c]"
"Leaver Dept.","2021","West Midlands (England)","G6/G7","Male","Heterosexual / straight","10","[c]","[c]","[c]"
"Leaver Dept.","2021","West Midlands (England)","G6/G7","Male","LGBO","[c]","[c]","[c]","[c]"
"Leaver Dept.","2021","West Midlands (England)","G6/G7","Male","Undeclared","[c]","[c]","[c]","[c]"
"Leaver Dept.","2021","West Midlands (England)","G6/G7","Male","Unknown","5","[c]","[c]","[c]"
"Leaver Dept.","2021","West Midlands (England)","G6/G7","Unknown","Heterosexual / straight","[c]","[c]","[c]","[c]"
"Leaver Dept.","2021","West Midlands (England)","G6/G7","Unknown","LGBO","[c]","[c]","[c]","[c]"
"Leaver Dept.","2021","West Midlands (England)","SCS level","Female","Heterosexual / straight","[c]","[c]","[c]","[c]"
"Leaver Dept.","2021","West Midlands (England)","SCS level","Female","LGBO","[c]","[c]","[c]","[c]"
"Leaver Dept.","2021","West Midlands (England)","SCS level","Female","Undeclared","[c]","[c]","[c]","[c]"
"Leaver Dept.","2021","West Midlands (England)","SCS level","Female","Unknown","[c]","[c]","[c]","[c]"
"Leaver Dept.","2021","West Midlands (England)","SCS level","Male","Heterosexual / straight","[c]","[c]","[c]","[c]"
"Leaver Dept.","2021","West Midlands (England)","SCS level","Male","LGBO","[c]","[c]","[c]","[c]"
"Leaver Dept.","2021","West Midlands (England)","SCS level","Male","Undeclared","[c]","[c]","[c]","[c]"
"Leaver Dept.","2021","West Midlands (England)","SCS level","Male","Unknown","[c]","[c]","[c]","[c]"
"Leaver Dept.","2021","West Midlands (England)","SCS level","Unknown","Heterosexual / straight","[c]","[c]","[c]","[c]"
"Leaver Dept.","2021","West Midlands (England)","SCS level","Unknown","LGBO","[c]","[c]","[c]","[c]"
"Leaver Dept.","2021","West Midlands (England)","SEO/HEO","Female","Heterosexual / straight","35","[c]","[c]","[c]"
"Leaver Dept.","2021","West Midlands (England)","SEO/HEO","Female","LGBO","[c]","[c]","[c]","[c]"
"Leaver Dept.","2021","West Midlands (England)","SEO/HEO","Female","Undeclared","[c]","[c]","[c]","[c]"
"Leaver Dept.","2021","West Midlands (England)","SEO/HEO","Female","Unknown","20","[c]","[c]","[c]"
"Leaver Dept.","2021","West Midlands (England)","SEO/HEO","Male","Heterosexual / straight","30","[c]","[c]","[c]"
"Leaver Dept.","2021","West Midlands (England)","SEO/HEO","Male","LGBO","[c]","[c]","[c]","[c]"
"Leaver Dept.","2021","West Midlands (England)","SEO/HEO","Male","Undeclared","[c]","[c]","[c]","[c]"
"Leaver Dept.","2021","West Midlands (England)","SEO/HEO","Male","Unknown","15","[c]","[c]","[c]"
"Leaver Dept.","2021","West Midlands (England)","SEO/HEO","Unknown","Heterosexual / straight","[c]","[c]","[c]","[c]"
"Leaver Dept.","2021","West Midlands (England)","SEO/HEO","Unknown","LGBO","[c]","[c]","[c]","[c]"
"Leaver Dept.","2021","West Midlands (England)","Unknown","Female","Heterosexual / straight","[c]","[c]","[c]","[c]"
"Leaver Dept.","2021","West Midlands (England)","Unknown","Female","LGBO","[c]","[c]","[c]","[c]"
"Leaver Dept.","2021","West Midlands (England)","Unknown","Female","Undeclared","[c]","[c]","[c]","[c]"
"Leaver Dept.","2021","West Midlands (England)","Unknown","Female","Unknown","[c]","[c]","[c]","[c]"
"Leaver Dept.","2021","West Midlands (England)","Unknown","Male","Heterosexual / straight","5","[c]","[c]","[c]"
"Leaver Dept.","2021","West Midlands (England)","Unknown","Male","LGBO","[c]","[c]","[c]","[c]"
"Leaver Dept.","2021","West Midlands (England)","Unknown","Male","Undeclared","[c]","[c]","[c]","[c]"
"Leaver Dept.","2021","West Midlands (England)","Unknown","Male","Unknown","[c]","[c]","[c]","[c]"
"Leaver Dept.","2021","West Midlands (England)","Unknown","Unknown","Heterosexual / straight","[c]","[c]","[c]","[c]"
"Leaver Dept.","2021","West Midlands (England)","Unknown","Unknown","LGBO","[c]","[c]","[c]","[c]"
"Leaver Dept.","2021","Yorkshire and The Humber","AA/AO","Female","Heterosexual / straight","35","[c]","[c]","[c]"
"Leaver Dept.","2021","Yorkshire and The Humber","AA/AO","Female","LGBO","[c]","[c]","[c]","[c]"
"Leaver Dept.","2021","Yorkshire and The Humber","AA/AO","Female","Undeclared","[c]","[c]","[c]","[c]"
"Leaver Dept.","2021","Yorkshire and The Humber","AA/AO","Female","Unknown","40","[c]","[c]","[c]"
"Leaver Dept.","2021","Yorkshire and The Humber","AA/AO","Male","Heterosexual / straight","30","[c]","[c]","[c]"
"Leaver Dept.","2021","Yorkshire and The Humber","AA/AO","Male","LGBO","[c]","[c]","[c]","[c]"
"Leaver Dept.","2021","Yorkshire and The Humber","AA/AO","Male","Undeclared","5","[c]","[c]","[c]"
"Leaver Dept.","2021","Yorkshire and The Humber","AA/AO","Male","Unknown","30","[c]","[c]","[c]"
"Leaver Dept.","2021","Yorkshire and The Humber","AA/AO","Unknown","Heterosexual / straight","[c]","[c]","[c]","[c]"
"Leaver Dept.","2021","Yorkshire and The Humber","AA/AO","Unknown","LGBO","[c]","[c]","[c]","[c]"
"Leaver Dept.","2021","Yorkshire and The Humber","EO","Female","Heterosexual / straight","55","[c]","26350","27570"
"Leaver Dept.","2021","Yorkshire and The Humber","EO","Female","LGBO","5","[c]","[c]","[c]"
"Leaver Dept.","2021","Yorkshire and The Humber","EO","Female","Undeclared","5","[c]","[c]","[c]"
"Leaver Dept.","2021","Yorkshire and The Humber","EO","Female","Unknown","30","[c]","[c]","[c]"
"Leaver Dept.","2021","Yorkshire and The Humber","EO","Male","Heterosexual / straight","40","[c]","26370","26670"
"Leaver Dept.","2021","Yorkshire and The Humber","EO","Male","LGBO","[c]","[c]","[c]","[c]"
"Leaver Dept.","2021","Yorkshire and The Humber","EO","Male","Undeclared","5","[c]","[c]","[c]"
"Leaver Dept.","2021","Yorkshire and The Humber","EO","Male","Unknown","25","[c]","[c]","[c]"
"Leaver Dept.","2021","Yorkshire and The Humber","EO","Unknown","Heterosexual / straight","[c]","[c]","[c]","[c]"
"Leaver Dept.","2021","Yorkshire and The Humber","EO","Unknown","LGBO","[c]","[c]","[c]","[c]"
"Leaver Dept.","2021","Yorkshire and The Humber","G6/G7","Female","Heterosexual / straight","20","[c]","[c]","[c]"
"Leaver Dept.","2021","Yorkshire and The Humber","G6/G7","Female","LGBO","[c]","[c]","[c]","[c]"
"Leaver Dept.","2021","Yorkshire and The Humber","G6/G7","Female","Undeclared","[c]","[c]","[c]","[c]"
"Leaver Dept.","2021","Yorkshire and The Humber","G6/G7","Female","Unknown","15","[c]","[c]","[c]"
"Leaver Dept.","2021","Yorkshire and The Humber","G6/G7","Male","Heterosexual / straight","20","[c]","[c]","[c]"
"Leaver Dept.","2021","Yorkshire and The Humber","G6/G7","Male","LGBO","[c]","[c]","[c]","[c]"
"Leaver Dept.","2021","Yorkshire and The Humber","G6/G7","Male","Undeclared","[c]","[c]","[c]","[c]"
"Leaver Dept.","2021","Yorkshire and The Humber","G6/G7","Male","Unknown","15","[c]","[c]","[c]"
"Leaver Dept.","2021","Yorkshire and The Humber","G6/G7","Unknown","Heterosexual / straight","[c]","[c]","[c]","[c]"
"Leaver Dept.","2021","Yorkshire and The Humber","G6/G7","Unknown","LGBO","[c]","[c]","[c]","[c]"
"Leaver Dept.","2021","Yorkshire and The Humber","SCS level","Female","Heterosexual / straight","[c]","[c]","[c]","[c]"
"Leaver Dept.","2021","Yorkshire and The Humber","SCS level","Female","LGBO","[c]","[c]","[c]","[c]"
"Leaver Dept.","2021","Yorkshire and The Humber","SCS level","Female","Undeclared","[c]","[c]","[c]","[c]"
"Leaver Dept.","2021","Yorkshire and The Humber","SCS level","Female","Unknown","[c]","[c]","[c]","[c]"
"Leaver Dept.","2021","Yorkshire and The Humber","SCS level","Male","Heterosexual / straight","[c]","[c]","[c]","[c]"
"Leaver Dept.","2021","Yorkshire and The Humber","SCS level","Male","LGBO","[c]","[c]","[c]","[c]"
"Leaver Dept.","2021","Yorkshire and The Humber","SCS level","Male","Undeclared","[c]","[c]","[c]","[c]"
"Leaver Dept.","2021","Yorkshire and The Humber","SCS level","Male","Unknown","[c]","[c]","[c]","[c]"
"Leaver Dept.","2021","Yorkshire and The Humber","SCS level","Unknown","Heterosexual / straight","[c]","[c]","[c]","[c]"
"Leaver Dept.","2021","Yorkshire and The Humber","SCS level","Unknown","LGBO","[c]","[c]","[c]","[c]"
"Leaver Dept.","2021","Yorkshire and The Humber","SEO/HEO","Female","Heterosexual / straight","55","[c]","34690","33300"
"Leaver Dept.","2021","Yorkshire and The Humber","SEO/HEO","Female","LGBO","5","[c]","[c]","[c]"
"Leaver Dept.","2021","Yorkshire and The Humber","SEO/HEO","Female","Undeclared","10","[c]","[c]","[c]"
"Leaver Dept.","2021","Yorkshire and The Humber","SEO/HEO","Female","Unknown","60","[c]","34560","35310"
"Leaver Dept.","2021","Yorkshire and The Humber","SEO/HEO","Male","Heterosexual / straight","45","[c]","34680","33610"
"Leaver Dept.","2021","Yorkshire and The Humber","SEO/HEO","Male","LGBO","[c]","[c]","[c]","[c]"
"Leaver Dept.","2021","Yorkshire and The Humber","SEO/HEO","Male","Undeclared","10","[c]","[c]","[c]"
"Leaver Dept.","2021","Yorkshire and The Humber","SEO/HEO","Male","Unknown","45","[c]","[c]","[c]"
"Leaver Dept.","2021","Yorkshire and The Humber","SEO/HEO","Unknown","Heterosexual / straight","[c]","[c]","[c]","[c]"
"Leaver Dept.","2021","Yorkshire and The Humber","SEO/HEO","Unknown","LGBO","[c]","[c]","[c]","[c]"
"Leaver Dept.","2021","Yorkshire and The Humber","Unknown","Female","Heterosexual / straight","[c]","[c]","[c]","[c]"
"Leaver Dept.","2021","Yorkshire and The Humber","Unknown","Female","LGBO","[c]","[c]","[c]","[c]"
"Leaver Dept.","2021","Yorkshire and The Humber","Unknown","Female","Undeclared","[c]","[c]","[c]","[c]"
"Leaver Dept.","2021","Yorkshire and The Humber","Unknown","Female","Unknown","[c]","[c]","[c]","[c]"
"Leaver Dept.","2021","Yorkshire and The Humber","Unknown","Male","Heterosexual / straight","[c]","[c]","[c]","[c]"
"Leaver Dept.","2021","Yorkshire and The Humber","Unknown","Male","LGBO","[c]","[c]","[c]","[c]"
"Leaver Dept.","2021","Yorkshire and The Humber","Unknown","Male","Undeclared","[c]","[c]","[c]","[c]"
"Leaver Dept.","2021","Yorkshire and The Humber","Unknown","Male","Unknown","[c]","[c]","[c]","[c]"
"Leaver Dept.","2021","Yorkshire and The Humber","Unknown","Unknown","Heterosexual / straight","[c]","[c]","[c]","[c]"
"Leaver Dept.","2021","Yorkshire and The Humber","Unknown","Unknown","LGBO","[c]","[c]","[c]","[c]"
"New entrant CS","2021","East Midlands (England)","AA/AO","Female","Heterosexual / straight","330","[c]","20710","21010"
"New entrant CS","2021","East Midlands (England)","AA/AO","Female","LGBO","20","[c]","[c]","[c]"
"New entrant CS","2021","East Midlands (England)","AA/AO","Female","Undeclared","20","[c]","[c]","[c]"
"New entrant CS","2021","East Midlands (England)","AA/AO","Female","Unknown","195","[c]","20310","20140"
"New entrant CS","2021","East Midlands (England)","AA/AO","Male","Heterosexual / straight","305","[c]","21490","21010"
"New entrant CS","2021","East Midlands (England)","AA/AO","Male","LGBO","20","[c]","[c]","[c]"
"New entrant CS","2021","East Midlands (England)","AA/AO","Male","Undeclared","10","[c]","[c]","[c]"
"New entrant CS","2021","East Midlands (England)","AA/AO","Male","Unknown","150","[c]","20910","20600"
"New entrant CS","2021","East Midlands (England)","AA/AO","Unknown","Heterosexual / straight","[c]","[c]","[c]","[c]"
"New entrant CS","2021","East Midlands (England)","AA/AO","Unknown","LGBO","[c]","[c]","[c]","[c]"
"New entrant CS","2021","East Midlands (England)","EO","Female","Heterosexual / straight","375","[c]","27190","27570"
"New entrant CS","2021","East Midlands (England)","EO","Female","LGBO","35","[c]","27320","27570"
"New entrant CS","2021","East Midlands (England)","EO","Female","Undeclared","25","[c]","[c]","[c]"
"New entrant CS","2021","East Midlands (England)","EO","Female","Unknown","120","[c]","25750","25560"
"New entrant CS","2021","East Midlands (England)","EO","Male","Heterosexual / straight","250","[c]","27020","27570"
"New entrant CS","2021","East Midlands (England)","EO","Male","LGBO","30","[c]","27380","27570"
"New entrant CS","2021","East Midlands (England)","EO","Male","Undeclared","15","[c]","[c]","[c]"
"New entrant CS","2021","East Midlands (England)","EO","Male","Unknown","95","[c]","26270","25560"
"New entrant CS","2021","East Midlands (England)","EO","Unknown","Heterosexual / straight","[c]","[c]","[c]","[c]"
"New entrant CS","2021","East Midlands (England)","EO","Unknown","LGBO","[c]","[c]","[c]","[c]"
"New entrant CS","2021","East Midlands (England)","G6/G7","Female","Heterosexual / straight","25","[c]","[c]","[c]"
"New entrant CS","2021","East Midlands (England)","G6/G7","Female","LGBO","[c]","[c]","[c]","[c]"
"New entrant CS","2021","East Midlands (England)","G6/G7","Female","Undeclared","[c]","[c]","[c]","[c]"
"New entrant CS","2021","East Midlands (England)","G6/G7","Female","Unknown","15","[c]","[c]","[c]"
"New entrant CS","2021","East Midlands (England)","G6/G7","Male","Heterosexual / straight","25","[c]","[c]","[c]"
"New entrant CS","2021","East Midlands (England)","G6/G7","Male","LGBO","[c]","[c]","[c]","[c]"
"New entrant CS","2021","East Midlands (England)","G6/G7","Male","Undeclared","[c]","[c]","[c]","[c]"
"New entrant CS","2021","East Midlands (England)","G6/G7","Male","Unknown","[c]","[c]","[c]","[c]"
"New entrant CS","2021","East Midlands (England)","G6/G7","Unknown","Heterosexual / straight","[c]","[c]","[c]","[c]"
"New entrant CS","2021","East Midlands (England)","G6/G7","Unknown","LGBO","[c]","[c]","[c]","[c]"
"New entrant CS","2021","East Midlands (England)","SCS level","Female","Heterosexual / straight","[c]","[c]","[c]","[c]"
"New entrant CS","2021","East Midlands (England)","SCS level","Female","LGBO","[c]","[c]","[c]","[c]"
"New entrant CS","2021","East Midlands (England)","SCS level","Female","Undeclared","[c]","[c]","[c]","[c]"
"New entrant CS","2021","East Midlands (England)","SCS level","Female","Unknown","[c]","[c]","[c]","[c]"
"New entrant CS","2021","East Midlands (England)","SCS level","Male","Heterosexual / straight","[c]","[c]","[c]","[c]"
"New entrant CS","2021","East Midlands (England)","SCS level","Male","LGBO","[c]","[c]","[c]","[c]"
"New entrant CS","2021","East Midlands (England)","SCS level","Male","Undeclared","[c]","[c]","[c]","[c]"
"New entrant CS","2021","East Midlands (England)","SCS level","Male","Unknown","[c]","[c]","[c]","[c]"
"New entrant CS","2021","East Midlands (England)","SCS level","Unknown","Heterosexual / straight","[c]","[c]","[c]","[c]"
"New entrant CS","2021","East Midlands (England)","SCS level","Unknown","LGBO","[c]","[c]","[c]","[c]"
"New entrant CS","2021","East Midlands (England)","SEO/HEO","Female","Heterosexual / straight","100","[c]","34120","31810"
"New entrant CS","2021","East Midlands (England)","SEO/HEO","Female","LGBO","10","[c]","[c]","[c]"
"New entrant CS","2021","East Midlands (England)","SEO/HEO","Female","Undeclared","10","[c]","[c]","[c]"
"New entrant CS","2021","East Midlands (England)","SEO/HEO","Female","Unknown","35","[c]","32540","31810"
"New entrant CS","2021","East Midlands (England)","SEO/HEO","Male","Heterosexual / straight","90","[c]","35330","33000"
"New entrant CS","2021","East Midlands (England)","SEO/HEO","Male","LGBO","[c]","[c]","[c]","[c]"
"New entrant CS","2021","East Midlands (England)","SEO/HEO","Male","Undeclared","5","[c]","[c]","[c]"
"New entrant CS","2021","East Midlands (England)","SEO/HEO","Male","Unknown","40","[c]","33900","31810"
"New entrant CS","2021","East Midlands (England)","SEO/HEO","Unknown","Heterosexual / straight","[c]","[c]","[c]","[c]"
"New entrant CS","2021","East Midlands (England)","SEO/HEO","Unknown","LGBO","[c]","[c]","[c]","[c]"
"New entrant CS","2021","East Midlands (England)","Unknown","Female","Heterosexual / straight","65","[c]","22660","22920"
"New entrant CS","2021","East Midlands (England)","Unknown","Female","LGBO","[c]","[c]","[c]","[c]"
"New entrant CS","2021","East Midlands (England)","Unknown","Female","Undeclared","[c]","[c]","[c]","[c]"
"New entrant CS","2021","East Midlands (England)","Unknown","Female","Unknown","20","[c]","[c]","[c]"
"New entrant CS","2021","East Midlands (England)","Unknown","Male","Heterosexual / straight","20","[c]","[c]","[c]"
"New entrant CS","2021","East Midlands (England)","Unknown","Male","LGBO","[c]","[c]","[c]","[c]"
"New entrant CS","2021","East Midlands (England)","Unknown","Male","Undeclared","[c]","[c]","[c]","[c]"
"New entrant CS","2021","East Midlands (England)","Unknown","Male","Unknown","5","[c]","[c]","[c]"
"New entrant CS","2021","East Midlands (England)","Unknown","Unknown","Heterosexual / straight","[c]","[c]","[c]","[c]"
"New entrant CS","2021","East Midlands (England)","Unknown","Unknown","LGBO","[c]","[c]","[c]","[c]"
"New entrant CS","2021","East of England","AA/AO","Female","Heterosexual / straight","415","[c]","21940","21010"
"New entrant CS","2021","East of England","AA/AO","Female","LGBO","35","[c]","21970","21500"
"New entrant CS","2021","East of England","AA/AO","Female","Undeclared","20","[c]","[c]","[c]"
"New entrant CS","2021","East of England","AA/AO","Female","Unknown","180","[c]","21610","21430"
"New entrant CS","2021","East of England","AA/AO","Male","Heterosexual / straight","340","[c]","23550","22850"
"New entrant CS","2021","East of England","AA/AO","Male","LGBO","25","[c]","[c]","[c]"
"New entrant CS","2021","East of England","AA/AO","Male","Undeclared","10","[c]","[c]","[c]"
"New entrant CS","2021","East of England","AA/AO","Male","Unknown","160","[c]","23170","21430"
"New entrant CS","2021","East of England","AA/AO","Unknown","Heterosexual / straight","[c]","[c]","[c]","[c]"
"New entrant CS","2021","East of England","AA/AO","Unknown","LGBO","[c]","[c]","[c]","[c]"
"New entrant CS","2021","East of England","EO","Female","Heterosexual / straight","575","[c]","28210","27570"
"New entrant CS","2021","East of England","EO","Female","LGBO","40","[c]","28080","29290"
"New entrant CS","2021","East of England","EO","Female","Undeclared","30","[c]","27470","27570"
"New entrant CS","2021","East of England","EO","Female","Unknown","90","[c]","26950","27570"
"New entrant CS","2021","East of England","EO","Male","Heterosexual / straight","390","[c]","27960","27570"
"New entrant CS","2021","East of England","EO","Male","LGBO","45","[c]","28100","27570"
"New entrant CS","2021","East of England","EO","Male","Undeclared","15","[c]","[c]","[c]"
"New entrant CS","2021","East of England","EO","Male","Unknown","80","[c]","26710","26350"
"New entrant CS","2021","East of England","EO","Unknown","Heterosexual / straight","[c]","[c]","[c]","[c]"
"New entrant CS","2021","East of England","EO","Unknown","LGBO","[c]","[c]","[c]","[c]"
"New entrant CS","2021","East of England","G6/G7","Female","Heterosexual / straight","20","[c]","[c]","[c]"
"New entrant CS","2021","East of England","G6/G7","Female","LGBO","[c]","[c]","[c]","[c]"
"New entrant CS","2021","East of England","G6/G7","Female","Undeclared","[c]","[c]","[c]","[c]"
"New entrant CS","2021","East of England","G6/G7","Female","Unknown","5","[c]","[c]","[c]"
"New entrant CS","2021","East of England","G6/G7","Male","Heterosexual / straight","20","[c]","[c]","[c]"
"New entrant CS","2021","East of England","G6/G7","Male","LGBO","[c]","[c]","[c]","[c]"
"New entrant CS","2021","East of England","G6/G7","Male","Undeclared","[c]","[c]","[c]","[c]"
"New entrant CS","2021","East of England","G6/G7","Male","Unknown","10","[c]","[c]","[c]"
"New entrant CS","2021","East of England","G6/G7","Unknown","Heterosexual / straight","[c]","[c]","[c]","[c]"
"New entrant CS","2021","East of England","G6/G7","Unknown","LGBO","[c]","[c]","[c]","[c]"
"New entrant CS","2021","East of England","SCS level","Female","Heterosexual / straight","[c]","[c]","[c]","[c]"
"New entrant CS","2021","East of England","SCS level","Female","LGBO","[c]","[c]","[c]","[c]"
"New entrant CS","2021","East of England","SCS level","Female","Undeclared","[c]","[c]","[c]","[c]"
"New entrant CS","2021","East of England","SCS level","Female","Unknown","[c]","[c]","[c]","[c]"
"New entrant CS","2021","East of England","SCS level","Male","Heterosexual / straight","[c]","[c]","[c]","[c]"
"New entrant CS","2021","East of England","SCS level","Male","LGBO","[c]","[c]","[c]","[c]"
"New entrant CS","2021","East of England","SCS level","Male","Undeclared","[c]","[c]","[c]","[c]"
"New entrant CS","2021","East of England","SCS level","Male","Unknown","[c]","[c]","[c]","[c]"
"New entrant CS","2021","East of England","SCS level","Unknown","Heterosexual / straight","[c]","[c]","[c]","[c]"
"New entrant CS","2021","East of England","SCS level","Unknown","LGBO","[c]","[c]","[c]","[c]"
"New entrant CS","2021","East of England","SEO/HEO","Female","Heterosexual / straight","120","[c]","34650","33000"
"New entrant CS","2021","East of England","SEO/HEO","Female","LGBO","5","[c]","[c]","[c]"
"New entrant CS","2021","East of England","SEO/HEO","Female","Undeclared","5","[c]","[c]","[c]"
"New entrant CS","2021","East of England","SEO/HEO","Female","Unknown","35","[c]","33070","31870"
"New entrant CS","2021","East of England","SEO/HEO","Male","Heterosexual / straight","90","[c]","34230","33000"
"New entrant CS","2021","East of England","SEO/HEO","Male","LGBO","[c]","[c]","[c]","[c]"
"New entrant CS","2021","East of England","SEO/HEO","Male","Undeclared","5","[c]","[c]","[c]"
"New entrant CS","2021","East of England","SEO/HEO","Male","Unknown","35","[c]","32520","31810"
"New entrant CS","2021","East of England","SEO/HEO","Unknown","Heterosexual / straight","[c]","[c]","[c]","[c]"
"New entrant CS","2021","East of England","SEO/HEO","Unknown","LGBO","[c]","[c]","[c]","[c]"
"New entrant CS","2021","East of England","Unknown","Female","Heterosexual / straight","90","[c]","21900","22920"
"New entrant CS","2021","East of England","Unknown","Female","LGBO","10","[c]","[c]","[c]"
"New entrant CS","2021","East of England","Unknown","Female","Undeclared","5","[c]","[c]","[c]"
"New entrant CS","2021","East of England","Unknown","Female","Unknown","50","[c]","21470","22920"
"New entrant CS","2021","East of England","Unknown","Male","Heterosexual / straight","20","[c]","[c]","[c]"
"New entrant CS","2021","East of England","Unknown","Male","LGBO","[c]","[c]","[c]","[c]"
"New entrant CS","2021","East of England","Unknown","Male","Undeclared","[c]","[c]","[c]","[c]"
"New entrant CS","2021","East of England","Unknown","Male","Unknown","10","[c]","[c]","[c]"
"New entrant CS","2021","East of England","Unknown","Unknown","Heterosexual / straight","[c]","[c]","[c]","[c]"
"New entrant CS","2021","East of England","Unknown","Unknown","LGBO","[c]","[c]","[c]","[c]"
"New entrant CS","2021","London","AA/AO","Female","Heterosexual / straight","760","[c]","24110","24640"
"New entrant CS","2021","London","AA/AO","Female","LGBO","60","[c]","24850","25110"
"New entrant CS","2021","London","AA/AO","Female","Undeclared","60","[c]","23580","23530"
"New entrant CS","2021","London","AA/AO","Female","Unknown","535","[c]","23530","22680"
"New entrant CS","2021","London","AA/AO","Male","Heterosexual / straight","550","[c]","24680","25110"
"New entrant CS","2021","London","AA/AO","Male","LGBO","50","[c]","24360","24170"
"New entrant CS","2021","London","AA/AO","Male","Undeclared","50","[c]","24040","24120"
"New entrant CS","2021","London","AA/AO","Male","Unknown","440","[c]","24710","24120"
"New entrant CS","2021","London","AA/AO","Unknown","Heterosexual / straight","[c]","[c]","[c]","[c]"
"New entrant CS","2021","London","AA/AO","Unknown","LGBO","[c]","[c]","[c]","[c]"
"New entrant CS","2021","London","AA/AO","Unknown","Undeclared","[c]","[c]","[c]","[c]"
"New entrant CS","2021","London","EO","Female","Heterosexual / straight","2065","[c]","29890","31060"
"New entrant CS","2021","London","EO","Female","LGBO","190","[c]","29310","30270"
"New entrant CS","2021","London","EO","Female","Undeclared","170","[c]","29220","31060"
"New entrant CS","2021","London","EO","Female","Unknown","680","[c]","28610","28650"
"New entrant CS","2021","London","EO","Male","Heterosexual / straight","1170","[c]","29830","31060"
"New entrant CS","2021","London","EO","Male","LGBO","160","[c]","29270","31060"
"New entrant CS","2021","London","EO","Male","Undeclared","105","[c]","29100","29360"
"New entrant CS","2021","London","EO","Male","Unknown","415","[c]","28800","28650"
"New entrant CS","2021","London","EO","Unknown","Heterosexual / straight","5","[c]","[c]","[c]"
"New entrant CS","2021","London","EO","Unknown","LGBO","[c]","[c]","[c]","[c]"
"New entrant CS","2021","London","EO","Unknown","Unknown","[c]","[c]","[c]","[c]"
"New entrant CS","2021","London","G6/G7","Female","Heterosexual / straight","530","[c]","56870","54700"
"New entrant CS","2021","London","G6/G7","Female","LGBO","40","[c]","55750","53380"
"New entrant CS","2021","London","G6/G7","Female","Undeclared","55","[c]","59360","56760"
"New entrant CS","2021","London","G6/G7","Female","Unknown","285","[c]","59830","57430"
"New entrant CS","2021","London","G6/G7","Male","Heterosexual / straight","470","[c]","58790","55500"
"New entrant CS","2021","London","G6/G7","Male","LGBO","65","[c]","57030","54650"
"New entrant CS","2021","London","G6/G7","Male","Undeclared","70","[c]","60140","57630"
"New entrant CS","2021","London","G6/G7","Male","Unknown","330","[c]","60730","57430"
"New entrant CS","2021","London","G6/G7","Unknown","Heterosexual / straight","[c]","[c]","[c]","[c]"
"New entrant CS","2021","London","G6/G7","Unknown","LGBO","[c]","[c]","[c]","[c]"
"New entrant CS","2021","London","G6/G7","Unknown","Unknown","[c]","[c]","[c]","[c]"
"New entrant CS","2021","London","SCS level","Female","Heterosexual / straight","55","[c]","94580","88000"
"New entrant CS","2021","London","SCS level","Female","LGBO","[c]","[c]","[c]","[c]"
"New entrant CS","2021","London","SCS level","Female","Undeclared","[c]","[c]","[c]","[c]"
"New entrant CS","2021","London","SCS level","Female","Unknown","85","[c]","84060","74000"
"New entrant CS","2021","London","SCS level","Male","Heterosexual / straight","70","[c]","96300","90000"
"New entrant CS","2021","London","SCS level","Male","LGBO","10","[c]","[c]","[c]"
"New entrant CS","2021","London","SCS level","Male","Undeclared","10","[c]","[c]","[c]"
"New entrant CS","2021","London","SCS level","Male","Unknown","100","[c]","92060","74000"
"New entrant CS","2021","London","SCS level","Unknown","Heterosexual / straight","[c]","[c]","[c]","[c]"
"New entrant CS","2021","London","SCS level","Unknown","LGBO","[c]","[c]","[c]","[c]"
"New entrant CS","2021","London","SCS level","Unknown","Unknown","[c]","[c]","[c]","[c]"
"New entrant CS","2021","London","SEO/HEO","Female","Heterosexual / straight","1545","[c]","36210","34710"
"New entrant CS","2021","London","SEO/HEO","Female","LGBO","170","[c]","34840","33730"
"New entrant CS","2021","London","SEO/HEO","Female","Undeclared","210","[c]","35210","33570"
"New entrant CS","2021","London","SEO/HEO","Female","Unknown","980","[c]","34210","32830"
"New entrant CS","2021","London","SEO/HEO","Male","Heterosexual / straight","1175","[c]","36100","34710"
"New entrant CS","2021","London","SEO/HEO","Male","LGBO","180","[c]","35530","34550"
"New entrant CS","2021","London","SEO/HEO","Male","Undeclared","145","[c]","35970","34440"
"New entrant CS","2021","London","SEO/HEO","Male","Unknown","780","[c]","34880","34550"
"New entrant CS","2021","London","SEO/HEO","Unknown","Heterosexual / straight","10","[c]","[c]","[c]"
"New entrant CS","2021","London","SEO/HEO","Unknown","LGBO","[c]","[c]","[c]","[c]"
"New entrant CS","2021","London","SEO/HEO","Unknown","Undeclared","[c]","[c]","[c]","[c]"
"New entrant CS","2021","London","SEO/HEO","Unknown","Unknown","5","[c]","[c]","[c]"
"New entrant CS","2021","London","Unknown","Female","Heterosexual / straight","130","[c]","26530","26810"
"New entrant CS","2021","London","Unknown","Female","LGBO","10","[c]","[c]","[c]"
"New entrant CS","2021","London","Unknown","Female","Undeclared","10","[c]","[c]","[c]"
"New entrant CS","2021","London","Unknown","Female","Unknown","55","[c]","25590","26810"
"New entrant CS","2021","London","Unknown","Male","Heterosexual / straight","40","[c]","27270","26810"
"New entrant CS","2021","London","Unknown","Male","LGBO","5","[c]","[c]","[c]"
"New entrant CS","2021","London","Unknown","Male","Undeclared","[c]","[c]","[c]","[c]"
"New entrant CS","2021","London","Unknown","Male","Unknown","20","[c]","[c]","[c]"
"New entrant CS","2021","London","Unknown","Unknown","Heterosexual / straight","[c]","[c]","[c]","[c]"
"New entrant CS","2021","London","Unknown","Unknown","LGBO","[c]","[c]","[c]","[c]"
"New entrant CS","2021","North East (England)","AA/AO","Female","Heterosexual / straight","570","[c]","20900","21010"
"New entrant CS","2021","North East (England)","AA/AO","Female","LGBO","55","[c]","21040","21010"
"New entrant CS","2021","North East (England)","AA/AO","Female","Undeclared","30","[c]","20890","21010"
"New entrant CS","2021","North East (England)","AA/AO","Female","Unknown","335","[c]","20440","20140"
"New entrant CS","2021","North East (England)","AA/AO","Male","Heterosexual / straight","555","[c]","21060","21010"
"New entrant CS","2021","North East (England)","AA/AO","Male","LGBO","50","[c]","20880","21010"
"New entrant CS","2021","North East (England)","AA/AO","Male","Undeclared","30","[c]","21180","21010"
"New entrant CS","2021","North East (England)","AA/AO","Male","Unknown","285","[c]","20570","20140"
"New entrant CS","2021","North East (England)","AA/AO","Unknown","Heterosexual / straight","[c]","[c]","[c]","[c]"
"New entrant CS","2021","North East (England)","AA/AO","Unknown","LGBO","[c]","[c]","[c]","[c]"
"New entrant CS","2021","North East (England)","EO","Female","Heterosexual / straight","290","[c]","26740","27570"
"New entrant CS","2021","North East (England)","EO","Female","LGBO","25","[c]","[c]","[c]"
"New entrant CS","2021","North East (England)","EO","Female","Undeclared","10","[c]","[c]","[c]"
"New entrant CS","2021","North East (England)","EO","Female","Unknown","145","[c]","25750","25560"
"New entrant CS","2021","North East (England)","EO","Male","Heterosexual / straight","210","[c]","26370","25560"
"New entrant CS","2021","North East (England)","EO","Male","LGBO","25","[c]","[c]","[c]"
"New entrant CS","2021","North East (England)","EO","Male","Undeclared","10","[c]","[c]","[c]"
"New entrant CS","2021","North East (England)","EO","Male","Unknown","155","[c]","25720","25560"
"New entrant CS","2021","North East (England)","EO","Unknown","Heterosexual / straight","[c]","[c]","[c]","[c]"
"New entrant CS","2021","North East (England)","EO","Unknown","LGBO","[c]","[c]","[c]","[c]"
"New entrant CS","2021","North East (England)","EO","Unknown","Unknown","[c]","[c]","[c]","[c]"
"New entrant CS","2021","North East (England)","G6/G7","Female","Heterosexual / straight","20","[c]","[c]","[c]"
"New entrant CS","2021","North East (England)","G6/G7","Female","LGBO","[c]","[c]","[c]","[c]"
"New entrant CS","2021","North East (England)","G6/G7","Female","Undeclared","[c]","[c]","[c]","[c]"
"New entrant CS","2021","North East (England)","G6/G7","Female","Unknown","10","[c]","[c]","[c]"
"New entrant CS","2021","North East (England)","G6/G7","Male","Heterosexual / straight","35","[c]","54590","52160"
"New entrant CS","2021","North East (England)","G6/G7","Male","LGBO","[c]","[c]","[c]","[c]"
"New entrant CS","2021","North East (England)","G6/G7","Male","Undeclared","5","[c]","[c]","[c]"
"New entrant CS","2021","North East (England)","G6/G7","Male","Unknown","5","[c]","[c]","[c]"
"New entrant CS","2021","North East (England)","G6/G7","Unknown","Heterosexual / straight","[c]","[c]","[c]","[c]"
"New entrant CS","2021","North East (England)","G6/G7","Unknown","LGBO","[c]","[c]","[c]","[c]"
"New entrant CS","2021","North East (England)","SCS level","Female","Heterosexual / straight","[c]","[c]","[c]","[c]"
"New entrant CS","2021","North East (England)","SCS level","Female","LGBO","[c]","[c]","[c]","[c]"
"New entrant CS","2021","North East (England)","SCS level","Female","Undeclared","[c]","[c]","[c]","[c]"
"New entrant CS","2021","North East (England)","SCS level","Female","Unknown","[c]","[c]","[c]","[c]"
"New entrant CS","2021","North East (England)","SCS level","Male","Heterosexual / straight","[c]","[c]","[c]","[c]"
"New entrant CS","2021","North East (England)","SCS level","Male","LGBO","[c]","[c]","[c]","[c]"
"New entrant CS","2021","North East (England)","SCS level","Male","Undeclared","[c]","[c]","[c]","[c]"
"New entrant CS","2021","North East (England)","SCS level","Male","Unknown","[c]","[c]","[c]","[c]"
"New entrant CS","2021","North East (England)","SCS level","Unknown","Heterosexual / straight","[c]","[c]","[c]","[c]"
"New entrant CS","2021","North East (England)","SCS level","Unknown","LGBO","[c]","[c]","[c]","[c]"
"New entrant CS","2021","North East (England)","SEO/HEO","Female","Heterosexual / straight","110","[c]","34050","32000"
"New entrant CS","2021","North East (England)","SEO/HEO","Female","LGBO","10","[c]","[c]","[c]"
"New entrant CS","2021","North East (England)","SEO/HEO","Female","Undeclared","10","[c]","[c]","[c]"
"New entrant CS","2021","North East (England)","SEO/HEO","Female","Unknown","50","[c]","33150","31810"
"New entrant CS","2021","North East (England)","SEO/HEO","Male","Heterosexual / straight","80","[c]","34230","32570"
"New entrant CS","2021","North East (England)","SEO/HEO","Male","LGBO","10","[c]","[c]","[c]"
"New entrant CS","2021","North East (England)","SEO/HEO","Male","Undeclared","5","[c]","[c]","[c]"
"New entrant CS","2021","North East (England)","SEO/HEO","Male","Unknown","45","[c]","33090","31810"
"New entrant CS","2021","North East (England)","SEO/HEO","Unknown","Heterosexual / straight","[c]","[c]","[c]","[c]"
"New entrant CS","2021","North East (England)","SEO/HEO","Unknown","LGBO","[c]","[c]","[c]","[c]"
"New entrant CS","2021","North East (England)","SEO/HEO","Unknown","Unknown","[c]","[c]","[c]","[c]"
"New entrant CS","2021","North East (England)","Unknown","Female","Heterosexual / straight","45","[c]","21390","22920"
"New entrant CS","2021","North East (England)","Unknown","Female","LGBO","[c]","[c]","[c]","[c]"
"New entrant CS","2021","North East (England)","Unknown","Female","Undeclared","[c]","[c]","[c]","[c]"
"New entrant CS","2021","North East (England)","Unknown","Female","Unknown","20","[c]","[c]","[c]"
"New entrant CS","2021","North East (England)","Unknown","Male","Heterosexual / straight","10","[c]","[c]","[c]"
"New entrant CS","2021","North East (England)","Unknown","Male","LGBO","[c]","[c]","[c]","[c]"
"New entrant CS","2021","North East (England)","Unknown","Male","Undeclared","[c]","[c]","[c]","[c]"
"New entrant CS","2021","North East (England)","Unknown","Male","Unknown","[c]","[c]","[c]","[c]"
"New entrant CS","2021","North East (England)","Unknown","Unknown","Heterosexual / straight","[c]","[c]","[c]","[c]"
"New entrant CS","2021","North East (England)","Unknown","Unknown","LGBO","[c]","[c]","[c]","[c]"
"New entrant CS","2021","North West (England)","AA/AO","Female","Heterosexual / straight","865","[c]","20820","21010"
"New entrant CS","2021","North West (England)","AA/AO","Female","LGBO","80","[c]","20830","21010"
"New entrant CS","2021","North West (England)","AA/AO","Female","Undeclared","45","[c]","20570","21010"
"New entrant CS","2021","North West (England)","AA/AO","Female","Unknown","535","[c]","20540","20140"
"New entrant CS","2021","North West (England)","AA/AO","Male","Heterosexual / straight","740","[c]","21080","21010"
"New entrant CS","2021","North West (England)","AA/AO","Male","LGBO","95","[c]","20700","21010"
"New entrant CS","2021","North West (England)","AA/AO","Male","Undeclared","50","[c]","20720","21010"
"New entrant CS","2021","North West (England)","AA/AO","Male","Unknown","450","[c]","20900","20500"
"New entrant CS","2021","North West (England)","AA/AO","Unknown","Heterosexual / straight","[c]","[c]","[c]","[c]"
"New entrant CS","2021","North West (England)","AA/AO","Unknown","LGBO","[c]","[c]","[c]","[c]"
"New entrant CS","2021","North West (England)","EO","Female","Heterosexual / straight","725","[c]","27180","27570"
"New entrant CS","2021","North West (England)","EO","Female","LGBO","70","[c]","26910","27570"
"New entrant CS","2021","North West (England)","EO","Female","Undeclared","40","[c]","27210","27570"
"New entrant CS","2021","North West (England)","EO","Female","Unknown","210","[c]","25920","25560"
"New entrant CS","2021","North West (England)","EO","Male","Heterosexual / straight","500","[c]","27420","27570"
"New entrant CS","2021","North West (England)","EO","Male","LGBO","95","[c]","27010","27570"
"New entrant CS","2021","North West (England)","EO","Male","Undeclared","30","[c]","27790","27570"
"New entrant CS","2021","North West (England)","EO","Male","Unknown","235","[c]","25890","25560"
"New entrant CS","2021","North West (England)","EO","Unknown","Heterosexual / straight","[c]","[c]","[c]","[c]"
"New entrant CS","2021","North West (England)","EO","Unknown","LGBO","[c]","[c]","[c]","[c]"
"New entrant CS","2021","North West (England)","G6/G7","Female","Heterosexual / straight","75","[c]","54560","52370"
"New entrant CS","2021","North West (England)","G6/G7","Female","LGBO","[c]","[c]","[c]","[c]"
"New entrant CS","2021","North West (England)","G6/G7","Female","Undeclared","5","[c]","[c]","[c]"
"New entrant CS","2021","North West (England)","G6/G7","Female","Unknown","35","[c]","54040","52320"
"New entrant CS","2021","North West (England)","G6/G7","Male","Heterosexual / straight","115","[c]","55180","54840"
"New entrant CS","2021","North West (England)","G6/G7","Male","LGBO","[c]","[c]","[c]","[c]"
"New entrant CS","2021","North West (England)","G6/G7","Male","Undeclared","10","[c]","[c]","[c]"
"New entrant CS","2021","North West (England)","G6/G7","Male","Unknown","45","[c]","57510","54830"
"New entrant CS","2021","North West (England)","G6/G7","Unknown","Heterosexual / straight","[c]","[c]","[c]","[c]"
"New entrant CS","2021","North West (England)","G6/G7","Unknown","LGBO","[c]","[c]","[c]","[c]"
"New entrant CS","2021","North West (England)","G6/G7","Unknown","Unknown","[c]","[c]","[c]","[c]"
"New entrant CS","2021","North West (England)","SCS level","Female","Heterosexual / straight","5","[c]","[c]","[c]"
"New entrant CS","2021","North West (England)","SCS level","Female","LGBO","[c]","[c]","[c]","[c]"
"New entrant CS","2021","North West (England)","SCS level","Female","Undeclared","[c]","[c]","[c]","[c]"
"New entrant CS","2021","North West (England)","SCS level","Female","Unknown","[c]","[c]","[c]","[c]"
"New entrant CS","2021","North West (England)","SCS level","Male","Heterosexual / straight","5","[c]","[c]","[c]"
"New entrant CS","2021","North West (England)","SCS level","Male","LGBO","[c]","[c]","[c]","[c]"
"New entrant CS","2021","North West (England)","SCS level","Male","Undeclared","[c]","[c]","[c]","[c]"
"New entrant CS","2021","North West (England)","SCS level","Male","Unknown","10","[c]","[c]","[c]"
"New entrant CS","2021","North West (England)","SCS level","Unknown","Heterosexual / straight","[c]","[c]","[c]","[c]"
"New entrant CS","2021","North West (England)","SCS level","Unknown","LGBO","[c]","[c]","[c]","[c]"
"New entrant CS","2021","North West (England)","SEO/HEO","Female","Heterosexual / straight","260","[c]","33930","32410"
"New entrant CS","2021","North West (England)","SEO/HEO","Female","LGBO","25","[c]","[c]","[c]"
"New entrant CS","2021","North West (England)","SEO/HEO","Female","Undeclared","15","[c]","[c]","[c]"
"New entrant CS","2021","North West (England)","SEO/HEO","Female","Unknown","105","[c]","32890","31810"
"New entrant CS","2021","North West (England)","SEO/HEO","Male","Heterosexual / straight","220","[c]","34660","34020"
"New entrant CS","2021","North West (England)","SEO/HEO","Male","LGBO","20","[c]","[c]","[c]"
"New entrant CS","2021","North West (England)","SEO/HEO","Male","Undeclared","15","[c]","[c]","[c]"
"New entrant CS","2021","North West (England)","SEO/HEO","Male","Unknown","135","[c]","33710","31810"
"New entrant CS","2021","North West (England)","SEO/HEO","Unknown","Heterosexual / straight","[c]","[c]","[c]","[c]"
"New entrant CS","2021","North West (England)","SEO/HEO","Unknown","LGBO","[c]","[c]","[c]","[c]"
"New entrant CS","2021","North West (England)","Unknown","Female","Heterosexual / straight","60","[c]","22740","22920"
"New entrant CS","2021","North West (England)","Unknown","Female","LGBO","5","[c]","[c]","[c]"
"New entrant CS","2021","North West (England)","Unknown","Female","Undeclared","[c]","[c]","[c]","[c]"
"New entrant CS","2021","North West (England)","Unknown","Female","Unknown","30","[c]","[c]","[c]"
"New entrant CS","2021","North West (England)","Unknown","Male","Heterosexual / straight","30","[c]","[c]","[c]"
"New entrant CS","2021","North West (England)","Unknown","Male","LGBO","[c]","[c]","[c]","[c]"
"New entrant CS","2021","North West (England)","Unknown","Male","Undeclared","5","[c]","[c]","[c]"
"New entrant CS","2021","North West (England)","Unknown","Male","Unknown","20","[c]","[c]","[c]"
"New entrant CS","2021","North West (England)","Unknown","Unknown","Heterosexual / straight","[c]","[c]","[c]","[c]"
"New entrant CS","2021","North West (England)","Unknown","Unknown","LGBO","[c]","[c]","[c]","[c]"
"New entrant CS","2021","Northern Ireland","AA/AO","Female","Heterosexual / straight","40","[c]","20220","20140"
"New entrant CS","2021","Northern Ireland","AA/AO","Female","LGBO","[c]","[c]","[c]","[c]"
"New entrant CS","2021","Northern Ireland","AA/AO","Female","Undeclared","[c]","[c]","[c]","[c]"
"New entrant CS","2021","Northern Ireland","AA/AO","Female","Unknown","60","[c]","20180","20140"
"New entrant CS","2021","Northern Ireland","AA/AO","Male","Heterosexual / straight","40","[c]","20230","20140"
"New entrant CS","2021","Northern Ireland","AA/AO","Male","LGBO","10","[c]","[c]","[c]"
"New entrant CS","2021","Northern Ireland","AA/AO","Male","Undeclared","[c]","[c]","[c]","[c]"
"New entrant CS","2021","Northern Ireland","AA/AO","Male","Unknown","70","[c]","20220","20140"
"New entrant CS","2021","Northern Ireland","AA/AO","Unknown","Heterosexual / straight","[c]","[c]","[c]","[c]"
"New entrant CS","2021","Northern Ireland","AA/AO","Unknown","LGBO","[c]","[c]","[c]","[c]"
"New entrant CS","2021","Northern Ireland","EO","Female","Heterosexual / straight","15","[c]","[c]","[c]"
"New entrant CS","2021","Northern Ireland","EO","Female","LGBO","[c]","[c]","[c]","[c]"
"New entrant CS","2021","Northern Ireland","EO","Female","Undeclared","[c]","[c]","[c]","[c]"
"New entrant CS","2021","Northern Ireland","EO","Female","Unknown","15","[c]","[c]","[c]"
"New entrant CS","2021","Northern Ireland","EO","Male","Heterosexual / straight","20","[c]","[c]","[c]"
"New entrant CS","2021","Northern Ireland","EO","Male","LGBO","[c]","[c]","[c]","[c]"
"New entrant CS","2021","Northern Ireland","EO","Male","Undeclared","[c]","[c]","[c]","[c]"
"New entrant CS","2021","Northern Ireland","EO","Male","Unknown","35","[c]","25570","24880"
"New entrant CS","2021","Northern Ireland","EO","Unknown","Heterosexual / straight","[c]","[c]","[c]","[c]"
"New entrant CS","2021","Northern Ireland","EO","Unknown","LGBO","[c]","[c]","[c]","[c]"
"New entrant CS","2021","Northern Ireland","G6/G7","Female","Heterosexual / straight","[c]","[c]","[c]","[c]"
"New entrant CS","2021","Northern Ireland","G6/G7","Female","LGBO","[c]","[c]","[c]","[c]"
"New entrant CS","2021","Northern Ireland","G6/G7","Female","Undeclared","[c]","[c]","[c]","[c]"
"New entrant CS","2021","Northern Ireland","G6/G7","Female","Unknown","[c]","[c]","[c]","[c]"
"New entrant CS","2021","Northern Ireland","G6/G7","Male","Heterosexual / straight","[c]","[c]","[c]","[c]"
"New entrant CS","2021","Northern Ireland","G6/G7","Male","LGBO","[c]","[c]","[c]","[c]"
"New entrant CS","2021","Northern Ireland","G6/G7","Male","Undeclared","[c]","[c]","[c]","[c]"
"New entrant CS","2021","Northern Ireland","G6/G7","Male","Unknown","[c]","[c]","[c]","[c]"
"New entrant CS","2021","Northern Ireland","G6/G7","Unknown","Heterosexual / straight","[c]","[c]","[c]","[c]"
"New entrant CS","2021","Northern Ireland","G6/G7","Unknown","LGBO","[c]","[c]","[c]","[c]"
"New entrant CS","2021","Northern Ireland","SCS level","Female","Heterosexual / straight","[c]","[c]","[c]","[c]"
"New entrant CS","2021","Northern Ireland","SCS level","Female","LGBO","[c]","[c]","[c]","[c]"
"New entrant CS","2021","Northern Ireland","SCS level","Female","Undeclared","[c]","[c]","[c]","[c]"
"New entrant CS","2021","Northern Ireland","SCS level","Female","Unknown","[c]","[c]","[c]","[c]"
"New entrant CS","2021","Northern Ireland","SCS level","Male","Heterosexual / straight","[c]","[c]","[c]","[c]"
"New entrant CS","2021","Northern Ireland","SCS level","Male","LGBO","[c]","[c]","[c]","[c]"
"New entrant CS","2021","Northern Ireland","SCS level","Male","Undeclared","[c]","[c]","[c]","[c]"
"New entrant CS","2021","Northern Ireland","SCS level","Male","Unknown","[c]","[c]","[c]","[c]"
"New entrant CS","2021","Northern Ireland","SCS level","Unknown","Heterosexual / straight","[c]","[c]","[c]","[c]"
"New entrant CS","2021","Northern Ireland","SCS level","Unknown","LGBO","[c]","[c]","[c]","[c]"
"New entrant CS","2021","Northern Ireland","SEO/HEO","Female","Heterosexual / straight","10","[c]","[c]","[c]"
"New entrant CS","2021","Northern Ireland","SEO/HEO","Female","LGBO","[c]","[c]","[c]","[c]"
"New entrant CS","2021","Northern Ireland","SEO/HEO","Female","Undeclared","[c]","[c]","[c]","[c]"
"New entrant CS","2021","Northern Ireland","SEO/HEO","Female","Unknown","[c]","[c]","[c]","[c]"
"New entrant CS","2021","Northern Ireland","SEO/HEO","Male","Heterosexual / straight","15","[c]","[c]","[c]"
"New entrant CS","2021","Northern Ireland","SEO/HEO","Male","LGBO","[c]","[c]","[c]","[c]"
"New entrant CS","2021","Northern Ireland","SEO/HEO","Male","Undeclared","[c]","[c]","[c]","[c]"
"New entrant CS","2021","Northern Ireland","SEO/HEO","Male","Unknown","5","[c]","[c]","[c]"
"New entrant CS","2021","Northern Ireland","SEO/HEO","Unknown","Heterosexual / straight","[c]","[c]","[c]","[c]"
"New entrant CS","2021","Northern Ireland","SEO/HEO","Unknown","LGBO","[c]","[c]","[c]","[c]"
"New entrant CS","2021","Overseas","AA/AO","Female","Heterosexual / straight","[c]","[c]","[c]","[c]"
"New entrant CS","2021","Overseas","AA/AO","Female","LGBO","[c]","[c]","[c]","[c]"
"New entrant CS","2021","Overseas","AA/AO","Female","Undeclared","[c]","[c]","[c]","[c]"
"New entrant CS","2021","Overseas","AA/AO","Female","Unknown","[c]","[c]","[c]","[c]"
"New entrant CS","2021","Overseas","AA/AO","Male","Heterosexual / straight","[c]","[c]","[c]","[c]"
"New entrant CS","2021","Overseas","AA/AO","Male","LGBO","[c]","[c]","[c]","[c]"
"New entrant CS","2021","Overseas","AA/AO","Male","Undeclared","[c]","[c]","[c]","[c]"
"New entrant CS","2021","Overseas","AA/AO","Male","Unknown","[c]","[c]","[c]","[c]"
"New entrant CS","2021","Overseas","AA/AO","Unknown","Heterosexual / straight","[c]","[c]","[c]","[c]"
"New entrant CS","2021","Overseas","AA/AO","Unknown","LGBO","[c]","[c]","[c]","[c]"
"New entrant CS","2021","Overseas","EO","Female","Heterosexual / straight","[c]","[c]","[c]","[c]"
"New entrant CS","2021","Overseas","EO","Female","LGBO","[c]","[c]","[c]","[c]"
"New entrant CS","2021","Overseas","EO","Female","Undeclared","[c]","[c]","[c]","[c]"
"New entrant CS","2021","Overseas","EO","Female","Unknown","[c]","[c]","[c]","[c]"
"New entrant CS","2021","Overseas","EO","Male","Heterosexual / straight","[c]","[c]","[c]","[c]"
"New entrant CS","2021","Overseas","EO","Male","LGBO","[c]","[c]","[c]","[c]"
"New entrant CS","2021","Overseas","EO","Male","Undeclared","[c]","[c]","[c]","[c]"
"New entrant CS","2021","Overseas","EO","Male","Unknown","[c]","[c]","[c]","[c]"
"New entrant CS","2021","Overseas","EO","Unknown","Heterosexual / straight","[c]","[c]","[c]","[c]"
"New entrant CS","2021","Overseas","EO","Unknown","LGBO","[c]","[c]","[c]","[c]"
"New entrant CS","2021","Overseas","G6/G7","Female","Heterosexual / straight","[c]","[c]","[c]","[c]"
"New entrant CS","2021","Overseas","G6/G7","Female","LGBO","[c]","[c]","[c]","[c]"
"New entrant CS","2021","Overseas","G6/G7","Female","Undeclared","[c]","[c]","[c]","[c]"
"New entrant CS","2021","Overseas","G6/G7","Female","Unknown","[c]","[c]","[c]","[c]"
"New entrant CS","2021","Overseas","G6/G7","Male","Heterosexual / straight","[c]","[c]","[c]","[c]"
"New entrant CS","2021","Overseas","G6/G7","Male","LGBO","[c]","[c]","[c]","[c]"
"New entrant CS","2021","Overseas","G6/G7","Male","Undeclared","[c]","[c]","[c]","[c]"
"New entrant CS","2021","Overseas","G6/G7","Male","Unknown","[c]","[c]","[c]","[c]"
"New entrant CS","2021","Overseas","G6/G7","Unknown","Heterosexual / straight","[c]","[c]","[c]","[c]"
"New entrant CS","2021","Overseas","G6/G7","Unknown","LGBO","[c]","[c]","[c]","[c]"
"New entrant CS","2021","Overseas","SEO/HEO","Female","Heterosexual / straight","[c]","[c]","[c]","[c]"
"New entrant CS","2021","Overseas","SEO/HEO","Female","LGBO","[c]","[c]","[c]","[c]"
"New entrant CS","2021","Overseas","SEO/HEO","Female","Undeclared","[c]","[c]","[c]","[c]"
"New entrant CS","2021","Overseas","SEO/HEO","Female","Unknown","10","[c]","[c]","[c]"
"New entrant CS","2021","Overseas","SEO/HEO","Male","Heterosexual / straight","10","[c]","[c]","[c]"
"New entrant CS","2021","Overseas","SEO/HEO","Male","LGBO","[c]","[c]","[c]","[c]"
"New entrant CS","2021","Overseas","SEO/HEO","Male","Undeclared","[c]","[c]","[c]","[c]"
"New entrant CS","2021","Overseas","SEO/HEO","Male","Unknown","[c]","[c]","[c]","[c]"
"New entrant CS","2021","Overseas","SEO/HEO","Unknown","Heterosexual / straight","[c]","[c]","[c]","[c]"
"New entrant CS","2021","Overseas","SEO/HEO","Unknown","LGBO","[c]","[c]","[c]","[c]"
"New entrant CS","2021","Scotland","AA/AO","Female","Heterosexual / straight","545","[c]","20590","20760"
"New entrant CS","2021","Scotland","AA/AO","Female","LGBO","45","[c]","20830","21010"
"New entrant CS","2021","Scotland","AA/AO","Female","Undeclared","85","[c]","20790","20850"
"New entrant CS","2021","Scotland","AA/AO","Female","Unknown","480","[c]","20560","20140"
"New entrant CS","2021","Scotland","AA/AO","Male","Heterosexual / straight","430","[c]","20820","20810"
"New entrant CS","2021","Scotland","AA/AO","Male","LGBO","65","[c]","20480","20140"
"New entrant CS","2021","Scotland","AA/AO","Male","Undeclared","50","[c]","20770","20850"
"New entrant CS","2021","Scotland","AA/AO","Male","Unknown","510","[c]","21220","20140"
"New entrant CS","2021","Scotland","AA/AO","Unknown","Heterosexual / straight","[c]","[c]","[c]","[c]"
"New entrant CS","2021","Scotland","AA/AO","Unknown","LGBO","[c]","[c]","[c]","[c]"
"New entrant CS","2021","Scotland","EO","Female","Heterosexual / straight","440","[c]","26850","27570"
"New entrant CS","2021","Scotland","EO","Female","LGBO","45","[c]","27040","27570"
"New entrant CS","2021","Scotland","EO","Female","Undeclared","20","[c]","[c]","[c]"
"New entrant CS","2021","Scotland","EO","Female","Unknown","175","[c]","26430","26160"
"New entrant CS","2021","Scotland","EO","Male","Heterosexual / straight","260","[c]","26790","27570"
"New entrant CS","2021","Scotland","EO","Male","LGBO","40","[c]","26820","27570"
"New entrant CS","2021","Scotland","EO","Male","Undeclared","30","[c]","[c]","[c]"
"New entrant CS","2021","Scotland","EO","Male","Unknown","140","[c]","25520","26160"
"New entrant CS","2021","Scotland","EO","Unknown","Heterosexual / straight","[c]","[c]","[c]","[c]"
"New entrant CS","2021","Scotland","EO","Unknown","LGBO","[c]","[c]","[c]","[c]"
"New entrant CS","2021","Scotland","G6/G7","Female","Heterosexual / straight","60","[c]","55850","53830"
"New entrant CS","2021","Scotland","G6/G7","Female","LGBO","5","[c]","[c]","[c]"
"New entrant CS","2021","Scotland","G6/G7","Female","Undeclared","10","[c]","[c]","[c]"
"New entrant CS","2021","Scotland","G6/G7","Female","Unknown","80","[c]","54870","50300"
"New entrant CS","2021","Scotland","G6/G7","Male","Heterosexual / straight","50","[c]","56500","52930"
"New entrant CS","2021","Scotland","G6/G7","Male","LGBO","[c]","[c]","[c]","[c]"
"New entrant CS","2021","Scotland","G6/G7","Male","Undeclared","10","[c]","[c]","[c]"
"New entrant CS","2021","Scotland","G6/G7","Male","Unknown","60","[c]","57270","52580"
"New entrant CS","2021","Scotland","G6/G7","Unknown","Heterosexual / straight","[c]","[c]","[c]","[c]"
"New entrant CS","2021","Scotland","G6/G7","Unknown","LGBO","[c]","[c]","[c]","[c]"
"New entrant CS","2021","Scotland","SCS level","Female","Heterosexual / straight","[c]","[c]","[c]","[c]"
"New entrant CS","2021","Scotland","SCS level","Female","LGBO","[c]","[c]","[c]","[c]"
"New entrant CS","2021","Scotland","SCS level","Female","Undeclared","[c]","[c]","[c]","[c]"
"New entrant CS","2021","Scotland","SCS level","Female","Unknown","5","[c]","[c]","[c]"
"New entrant CS","2021","Scotland","SCS level","Male","Heterosexual / straight","[c]","[c]","[c]","[c]"
"New entrant CS","2021","Scotland","SCS level","Male","LGBO","[c]","[c]","[c]","[c]"
"New entrant CS","2021","Scotland","SCS level","Male","Undeclared","[c]","[c]","[c]","[c]"
"New entrant CS","2021","Scotland","SCS level","Male","Unknown","10","[c]","[c]","[c]"
"New entrant CS","2021","Scotland","SCS level","Unknown","Heterosexual / straight","[c]","[c]","[c]","[c]"
"New entrant CS","2021","Scotland","SCS level","Unknown","LGBO","[c]","[c]","[c]","[c]"
"New entrant CS","2021","Scotland","SEO/HEO","Female","Heterosexual / straight","220","[c]","34530","33550"
"New entrant CS","2021","Scotland","SEO/HEO","Female","LGBO","25","[c]","[c]","[c]"
"New entrant CS","2021","Scotland","SEO/HEO","Female","Undeclared","15","[c]","[c]","[c]"
"New entrant CS","2021","Scotland","SEO/HEO","Female","Unknown","205","[c]","34450","31810"
"New entrant CS","2021","Scotland","SEO/HEO","Male","Heterosexual / straight","170","[c]","35940","34730"
"New entrant CS","2021","Scotland","SEO/HEO","Male","LGBO","25","[c]","[c]","[c]"
"New entrant CS","2021","Scotland","SEO/HEO","Male","Undeclared","15","[c]","[c]","[c]"
"New entrant CS","2021","Scotland","SEO/HEO","Male","Unknown","145","[c]","35620","35680"
"New entrant CS","2021","Scotland","SEO/HEO","Unknown","Heterosexual / straight","[c]","[c]","[c]","[c]"
"New entrant CS","2021","Scotland","SEO/HEO","Unknown","LGBO","[c]","[c]","[c]","[c]"
"New entrant CS","2021","Scotland","Unknown","Female","Heterosexual / straight","[c]","[c]","[c]","[c]"
"New entrant CS","2021","Scotland","Unknown","Female","LGBO","[c]","[c]","[c]","[c]"
"New entrant CS","2021","Scotland","Unknown","Female","Undeclared","[c]","[c]","[c]","[c]"
"New entrant CS","2021","Scotland","Unknown","Female","Unknown","[c]","[c]","[c]","[c]"
"New entrant CS","2021","Scotland","Unknown","Male","Heterosexual / straight","10","[c]","[c]","[c]"
"New entrant CS","2021","Scotland","Unknown","Male","LGBO","[c]","[c]","[c]","[c]"
"New entrant CS","2021","Scotland","Unknown","Male","Undeclared","[c]","[c]","[c]","[c]"
"New entrant CS","2021","Scotland","Unknown","Male","Unknown","[c]","[c]","[c]","[c]"
"New entrant CS","2021","Scotland","Unknown","Unknown","Heterosexual / straight","[c]","[c]","[c]","[c]"
"New entrant CS","2021","Scotland","Unknown","Unknown","LGBO","[c]","[c]","[c]","[c]"
"New entrant CS","2021","South East (England)","AA/AO","Female","Heterosexual / straight","685","[c]","22050","21010"
"New entrant CS","2021","South East (England)","AA/AO","Female","LGBO","70","[c]","22890","21500"
"New entrant CS","2021","South East (England)","AA/AO","Female","Undeclared","50","[c]","22080","21010"
"New entrant CS","2021","South East (England)","AA/AO","Female","Unknown","330","[c]","21890","21430"
"New entrant CS","2021","South East (England)","AA/AO","Male","Heterosexual / straight","590","[c]","23800","22850"
"New entrant CS","2021","South East (England)","AA/AO","Male","LGBO","50","[c]","23340","21500"
"New entrant CS","2021","South East (England)","AA/AO","Male","Undeclared","40","[c]","22920","21010"
"New entrant CS","2021","South East (England)","AA/AO","Male","Unknown","385","[c]","23810","21500"
"New entrant CS","2021","South East (England)","AA/AO","Unknown","Heterosexual / straight","[c]","[c]","[c]","[c]"
"New entrant CS","2021","South East (England)","AA/AO","Unknown","LGBO","[c]","[c]","[c]","[c]"
"New entrant CS","2021","South East (England)","EO","Female","Heterosexual / straight","1000","[c]","27930","27570"
"New entrant CS","2021","South East (England)","EO","Female","LGBO","90","[c]","27560","27570"
"New entrant CS","2021","South East (England)","EO","Female","Undeclared","60","[c]","27750","27570"
"New entrant CS","2021","South East (England)","EO","Female","Unknown","185","[c]","26570","27570"
"New entrant CS","2021","South East (England)","EO","Male","Heterosexual / straight","595","[c]","28030","27570"
"New entrant CS","2021","South East (England)","EO","Male","LGBO","100","[c]","27960","27570"
"New entrant CS","2021","South East (England)","EO","Male","Undeclared","35","[c]","28410","27570"
"New entrant CS","2021","South East (England)","EO","Male","Unknown","180","[c]","26700","26350"
"New entrant CS","2021","South East (England)","EO","Unknown","Heterosexual / straight","[c]","[c]","[c]","[c]"
"New entrant CS","2021","South East (England)","EO","Unknown","LGBO","[c]","[c]","[c]","[c]"
"New entrant CS","2021","South East (England)","G6/G7","Female","Heterosexual / straight","60","[c]","56500","52330"
"New entrant CS","2021","South East (England)","G6/G7","Female","LGBO","[c]","[c]","[c]","[c]"
"New entrant CS","2021","South East (England)","G6/G7","Female","Undeclared","[c]","[c]","[c]","[c]"
"New entrant CS","2021","South East (England)","G6/G7","Female","Unknown","25","[c]","[c]","[c]"
"New entrant CS","2021","South East (England)","G6/G7","Male","Heterosexual / straight","75","[c]","56300","53750"
"New entrant CS","2021","South East (England)","G6/G7","Male","LGBO","[c]","[c]","[c]","[c]"
"New entrant CS","2021","South East (England)","G6/G7","Male","Undeclared","[c]","[c]","[c]","[c]"
"New entrant CS","2021","South East (England)","G6/G7","Male","Unknown","25","[c]","[c]","[c]"
"New entrant CS","2021","South East (England)","G6/G7","Unknown","Heterosexual / straight","[c]","[c]","[c]","[c]"
"New entrant CS","2021","South East (England)","G6/G7","Unknown","LGBO","[c]","[c]","[c]","[c]"
"New entrant CS","2021","South East (England)","SCS level","Female","Heterosexual / straight","[c]","[c]","[c]","[c]"
"New entrant CS","2021","South East (England)","SCS level","Female","LGBO","[c]","[c]","[c]","[c]"
"New entrant CS","2021","South East (England)","SCS level","Female","Undeclared","[c]","[c]","[c]","[c]"
"New entrant CS","2021","South East (England)","SCS level","Female","Unknown","5","[c]","[c]","[c]"
"New entrant CS","2021","South East (England)","SCS level","Male","Heterosexual / straight","5","[c]","[c]","[c]"
"New entrant CS","2021","South East (England)","SCS level","Male","LGBO","[c]","[c]","[c]","[c]"
"New entrant CS","2021","South East (England)","SCS level","Male","Undeclared","[c]","[c]","[c]","[c]"
"New entrant CS","2021","South East (England)","SCS level","Male","Unknown","5","[c]","[c]","[c]"
"New entrant CS","2021","South East (England)","SCS level","Unknown","Heterosexual / straight","[c]","[c]","[c]","[c]"
"New entrant CS","2021","South East (England)","SCS level","Unknown","LGBO","[c]","[c]","[c]","[c]"
"New entrant CS","2021","South East (England)","SEO/HEO","Female","Heterosexual / straight","245","[c]","34110","33000"
"New entrant CS","2021","South East (England)","SEO/HEO","Female","LGBO","20","[c]","[c]","[c]"
"New entrant CS","2021","South East (England)","SEO/HEO","Female","Undeclared","25","[c]","[c]","[c]"
"New entrant CS","2021","South East (England)","SEO/HEO","Female","Unknown","70","[c]","33330","33000"
"New entrant CS","2021","South East (England)","SEO/HEO","Male","Heterosexual / straight","250","[c]","34660","33180"
"New entrant CS","2021","South East (England)","SEO/HEO","Male","LGBO","10","[c]","[c]","[c]"
"New entrant CS","2021","South East (England)","SEO/HEO","Male","Undeclared","25","[c]","[c]","[c]"
"New entrant CS","2021","South East (England)","SEO/HEO","Male","Unknown","65","[c]","33450","32790"
"New entrant CS","2021","South East (England)","SEO/HEO","Unknown","Heterosexual / straight","[c]","[c]","[c]","[c]"
"New entrant CS","2021","South East (England)","SEO/HEO","Unknown","LGBO","[c]","[c]","[c]","[c]"
"New entrant CS","2021","South East (England)","SEO/HEO","Unknown","Unknown","[c]","[c]","[c]","[c]"
"New entrant CS","2021","South East (England)","Unknown","Female","Heterosexual / straight","115","[c]","24060","22920"
"New entrant CS","2021","South East (England)","Unknown","Female","LGBO","15","[c]","[c]","[c]"
"New entrant CS","2021","South East (England)","Unknown","Female","Undeclared","[c]","[c]","[c]","[c]"
"New entrant CS","2021","South East (England)","Unknown","Female","Unknown","40","[c]","22680","22920"
"New entrant CS","2021","South East (England)","Unknown","Male","Heterosexual / straight","35","[c]","25910","22920"
"New entrant CS","2021","South East (England)","Unknown","Male","LGBO","5","[c]","[c]","[c]"
"New entrant CS","2021","South East (England)","Unknown","Male","Undeclared","5","[c]","[c]","[c]"
"New entrant CS","2021","South East (England)","Unknown","Male","Unknown","20","[c]","[c]","[c]"
"New entrant CS","2021","South East (England)","Unknown","Unknown","Heterosexual / straight","[c]","[c]","[c]","[c]"
"New entrant CS","2021","South East (England)","Unknown","Unknown","LGBO","[c]","[c]","[c]","[c]"
"New entrant CS","2021","South West (England)","AA/AO","Female","Heterosexual / straight","625","[c]","20760","20920"
"New entrant CS","2021","South West (England)","AA/AO","Female","LGBO","55","[c]","20950","21010"
"New entrant CS","2021","South West (England)","AA/AO","Female","Undeclared","45","[c]","20290","20600"
"New entrant CS","2021","South West (England)","AA/AO","Female","Unknown","200","[c]","20920","20880"
"New entrant CS","2021","South West (England)","AA/AO","Male","Heterosexual / straight","455","[c]","21350","21010"
"New entrant CS","2021","South West (England)","AA/AO","Male","LGBO","45","[c]","20550","21010"
"New entrant CS","2021","South West (England)","AA/AO","Male","Undeclared","25","[c]","[c]","[c]"
"New entrant CS","2021","South West (England)","AA/AO","Male","Unknown","180","[c]","21780","21590"
"New entrant CS","2021","South West (England)","AA/AO","Unknown","Heterosexual / straight","[c]","[c]","[c]","[c]"
"New entrant CS","2021","South West (England)","AA/AO","Unknown","LGBO","[c]","[c]","[c]","[c]"
"New entrant CS","2021","South West (England)","EO","Female","Heterosexual / straight","620","[c]","26370","27570"
"New entrant CS","2021","South West (England)","EO","Female","LGBO","65","[c]","26580","27570"
"New entrant CS","2021","South West (England)","EO","Female","Undeclared","45","[c]","26280","27570"
"New entrant CS","2021","South West (England)","EO","Female","Unknown","140","[c]","25850","27570"
"New entrant CS","2021","South West (England)","EO","Male","Heterosexual / straight","440","[c]","26560","27570"
"New entrant CS","2021","South West (England)","EO","Male","LGBO","50","[c]","26550","27570"
"New entrant CS","2021","South West (England)","EO","Male","Undeclared","40","[c]","25150","27550"
"New entrant CS","2021","South West (England)","EO","Male","Unknown","185","[c]","24140","25560"
"New entrant CS","2021","South West (England)","EO","Unknown","Heterosexual / straight","[c]","[c]","[c]","[c]"
"New entrant CS","2021","South West (England)","EO","Unknown","LGBO","[c]","[c]","[c]","[c]"
"New entrant CS","2021","South West (England)","G6/G7","Female","Heterosexual / straight","75","[c]","56560","54000"
"New entrant CS","2021","South West (England)","G6/G7","Female","LGBO","[c]","[c]","[c]","[c]"
"New entrant CS","2021","South West (England)","G6/G7","Female","Undeclared","5","[c]","[c]","[c]"
"New entrant CS","2021","South West (England)","G6/G7","Female","Unknown","35","[c]","58340","53280"
"New entrant CS","2021","South West (England)","G6/G7","Male","Heterosexual / straight","110","[c]","56430","55000"
"New entrant CS","2021","South West (England)","G6/G7","Male","LGBO","10","[c]","[c]","[c]"
"New entrant CS","2021","South West (England)","G6/G7","Male","Undeclared","10","[c]","[c]","[c]"
"New entrant CS","2021","South West (England)","G6/G7","Male","Unknown","45","[c]","57650","54000"
"New entrant CS","2021","South West (England)","G6/G7","Unknown","Heterosexual / straight","[c]","[c]","[c]","[c]"
"New entrant CS","2021","South West (England)","G6/G7","Unknown","LGBO","[c]","[c]","[c]","[c]"
"New entrant CS","2021","South West (England)","SCS level","Female","Heterosexual / straight","5","[c]","[c]","[c]"
"New entrant CS","2021","South West (England)","SCS level","Female","LGBO","[c]","[c]","[c]","[c]"
"New entrant CS","2021","South West (England)","SCS level","Female","Undeclared","[c]","[c]","[c]","[c]"
"New entrant CS","2021","South West (England)","SCS level","Female","Unknown","[c]","[c]","[c]","[c]"
"New entrant CS","2021","South West (England)","SCS level","Male","Heterosexual / straight","10","[c]","[c]","[c]"
"New entrant CS","2021","South West (England)","SCS level","Male","LGBO","[c]","[c]","[c]","[c]"
"New entrant CS","2021","South West (England)","SCS level","Male","Undeclared","[c]","[c]","[c]","[c]"
"New entrant CS","2021","South West (England)","SCS level","Male","Unknown","5","[c]","[c]","[c]"
"New entrant CS","2021","South West (England)","SCS level","Unknown","Heterosexual / straight","[c]","[c]","[c]","[c]"
"New entrant CS","2021","South West (England)","SCS level","Unknown","LGBO","[c]","[c]","[c]","[c]"
"New entrant CS","2021","South West (England)","SEO/HEO","Female","Heterosexual / straight","375","[c]","34290","33300"
"New entrant CS","2021","South West (England)","SEO/HEO","Female","LGBO","25","[c]","[c]","[c]"
"New entrant CS","2021","South West (England)","SEO/HEO","Female","Undeclared","40","[c]","32890","32330"
"New entrant CS","2021","South West (England)","SEO/HEO","Female","Unknown","110","[c]","34850","35900"
"New entrant CS","2021","South West (England)","SEO/HEO","Male","Heterosexual / straight","430","[c]","35500","33890"
"New entrant CS","2021","South West (England)","SEO/HEO","Male","LGBO","25","[c]","[c]","[c]"
"New entrant CS","2021","South West (England)","SEO/HEO","Male","Undeclared","20","[c]","[c]","[c]"
"New entrant CS","2021","South West (England)","SEO/HEO","Male","Unknown","145","[c]","34780","33090"
"New entrant CS","2021","South West (England)","SEO/HEO","Unknown","Heterosexual / straight","[c]","[c]","[c]","[c]"
"New entrant CS","2021","South West (England)","SEO/HEO","Unknown","LGBO","[c]","[c]","[c]","[c]"
"New entrant CS","2021","South West (England)","Unknown","Female","Heterosexual / straight","100","[c]","27470","22920"
"New entrant CS","2021","South West (England)","Unknown","Female","LGBO","10","[c]","[c]","[c]"
"New entrant CS","2021","South West (England)","Unknown","Female","Undeclared","5","[c]","[c]","[c]"
"New entrant CS","2021","South West (England)","Unknown","Female","Unknown","25","[c]","[c]","[c]"
"New entrant CS","2021","South West (England)","Unknown","Male","Heterosexual / straight","80","[c]","35570","31500"
"New entrant CS","2021","South West (England)","Unknown","Male","LGBO","5","[c]","[c]","[c]"
"New entrant CS","2021","South West (England)","Unknown","Male","Undeclared","5","[c]","[c]","[c]"
"New entrant CS","2021","South West (England)","Unknown","Male","Unknown","35","[c]","23990","18460"
"New entrant CS","2021","South West (England)","Unknown","Unknown","Heterosexual / straight","[c]","[c]","[c]","[c]"
"New entrant CS","2021","South West (England)","Unknown","Unknown","LGBO","[c]","[c]","[c]","[c]"
"New entrant CS","2021","Unknown","AA/AO","Female","Heterosexual / straight","40","[c]","21650","21010"
"New entrant CS","2021","Unknown","AA/AO","Female","LGBO","5","[c]","[c]","[c]"
"New entrant CS","2021","Unknown","AA/AO","Female","Undeclared","[c]","[c]","[c]","[c]"
"New entrant CS","2021","Unknown","AA/AO","Female","Unknown","15","[c]","[c]","[c]"
"New entrant CS","2021","Unknown","AA/AO","Male","Heterosexual / straight","30","[c]","[c]","[c]"
"New entrant CS","2021","Unknown","AA/AO","Male","LGBO","5","[c]","[c]","[c]"
"New entrant CS","2021","Unknown","AA/AO","Male","Undeclared","[c]","[c]","[c]","[c]"
"New entrant CS","2021","Unknown","AA/AO","Male","Unknown","15","[c]","[c]","[c]"
"New entrant CS","2021","Unknown","AA/AO","Unknown","Heterosexual / straight","[c]","[c]","[c]","[c]"
"New entrant CS","2021","Unknown","AA/AO","Unknown","LGBO","[c]","[c]","[c]","[c]"
"New entrant CS","2021","Unknown","EO","Female","Heterosexual / straight","85","[c]","27730","27570"
"New entrant CS","2021","Unknown","EO","Female","LGBO","5","[c]","[c]","[c]"
"New entrant CS","2021","Unknown","EO","Female","Undeclared","10","[c]","[c]","[c]"
"New entrant CS","2021","Unknown","EO","Female","Unknown","20","[c]","[c]","[c]"
"New entrant CS","2021","Unknown","EO","Male","Heterosexual / straight","55","[c]","27620","27570"
"New entrant CS","2021","Unknown","EO","Male","LGBO","5","[c]","[c]","[c]"
"New entrant CS","2021","Unknown","EO","Male","Undeclared","10","[c]","[c]","[c]"
"New entrant CS","2021","Unknown","EO","Male","Unknown","25","[c]","[c]","[c]"
"New entrant CS","2021","Unknown","EO","Unknown","Heterosexual / straight","[c]","[c]","[c]","[c]"
"New entrant CS","2021","Unknown","EO","Unknown","LGBO","[c]","[c]","[c]","[c]"
"New entrant CS","2021","Unknown","G6/G7","Female","Heterosexual / straight","10","[c]","[c]","[c]"
"New entrant CS","2021","Unknown","G6/G7","Female","LGBO","[c]","[c]","[c]","[c]"
"New entrant CS","2021","Unknown","G6/G7","Female","Undeclared","[c]","[c]","[c]","[c]"
"New entrant CS","2021","Unknown","G6/G7","Female","Unknown","10","[c]","[c]","[c]"
"New entrant CS","2021","Unknown","G6/G7","Male","Heterosexual / straight","15","[c]","[c]","[c]"
"New entrant CS","2021","Unknown","G6/G7","Male","LGBO","[c]","[c]","[c]","[c]"
"New entrant CS","2021","Unknown","G6/G7","Male","Undeclared","[c]","[c]","[c]","[c]"
"New entrant CS","2021","Unknown","G6/G7","Male","Unknown","10","[c]","[c]","[c]"
"New entrant CS","2021","Unknown","G6/G7","Unknown","Heterosexual / straight","[c]","[c]","[c]","[c]"
"New entrant CS","2021","Unknown","G6/G7","Unknown","LGBO","[c]","[c]","[c]","[c]"
"New entrant CS","2021","Unknown","SCS level","Female","Heterosexual / straight","[c]","[c]","[c]","[c]"
"New entrant CS","2021","Unknown","SCS level","Female","LGBO","[c]","[c]","[c]","[c]"
"New entrant CS","2021","Unknown","SCS level","Female","Undeclared","[c]","[c]","[c]","[c]"
"New entrant CS","2021","Unknown","SCS level","Female","Unknown","5","[c]","[c]","[c]"
"New entrant CS","2021","Unknown","SCS level","Male","Heterosexual / straight","[c]","[c]","[c]","[c]"
"New entrant CS","2021","Unknown","SCS level","Male","LGBO","[c]","[c]","[c]","[c]"
"New entrant CS","2021","Unknown","SCS level","Male","Undeclared","[c]","[c]","[c]","[c]"
"New entrant CS","2021","Unknown","SCS level","Male","Unknown","10","[c]","[c]","[c]"
"New entrant CS","2021","Unknown","SCS level","Unknown","Heterosexual / straight","[c]","[c]","[c]","[c]"
"New entrant CS","2021","Unknown","SCS level","Unknown","LGBO","[c]","[c]","[c]","[c]"
"New entrant CS","2021","Unknown","SEO/HEO","Female","Heterosexual / straight","30","[c]","34700","35000"
"New entrant CS","2021","Unknown","SEO/HEO","Female","LGBO","[c]","[c]","[c]","[c]"
"New entrant CS","2021","Unknown","SEO/HEO","Female","Undeclared","[c]","[c]","[c]","[c]"
"New entrant CS","2021","Unknown","SEO/HEO","Female","Unknown","60","[c]","29440","28000"
"New entrant CS","2021","Unknown","SEO/HEO","Male","Heterosexual / straight","35","[c]","36230","34930"
"New entrant CS","2021","Unknown","SEO/HEO","Male","LGBO","[c]","[c]","[c]","[c]"
"New entrant CS","2021","Unknown","SEO/HEO","Male","Undeclared","[c]","[c]","[c]","[c]"
"New entrant CS","2021","Unknown","SEO/HEO","Male","Unknown","45","[c]","30040","28000"
"New entrant CS","2021","Unknown","SEO/HEO","Unknown","Heterosexual / straight","[c]","[c]","[c]","[c]"
"New entrant CS","2021","Unknown","SEO/HEO","Unknown","LGBO","[c]","[c]","[c]","[c]"
"New entrant CS","2021","Unknown","Unknown","Female","Heterosexual / straight","[c]","[c]","[c]","[c]"
"New entrant CS","2021","Unknown","Unknown","Female","LGBO","[c]","[c]","[c]","[c]"
"New entrant CS","2021","Unknown","Unknown","Female","Undeclared","[c]","[c]","[c]","[c]"
"New entrant CS","2021","Unknown","Unknown","Female","Unknown","215","[c]","[c]","[c]"
"New entrant CS","2021","Unknown","Unknown","Male","Heterosexual / straight","[c]","[c]","[c]","[c]"
"New entrant CS","2021","Unknown","Unknown","Male","LGBO","[c]","[c]","[c]","[c]"
"New entrant CS","2021","Unknown","Unknown","Male","Undeclared","[c]","[c]","[c]","[c]"
"New entrant CS","2021","Unknown","Unknown","Male","Unknown","105","[c]","[c]","[c]"
"New entrant CS","2021","Unknown","Unknown","Unknown","Heterosexual / straight","[c]","[c]","[c]","[c]"
"New entrant CS","2021","Unknown","Unknown","Unknown","LGBO","[c]","[c]","[c]","[c]"
"New entrant CS","2021","Wales","AA/AO","Female","Heterosexual / straight","445","[c]","20480","20880"
"New entrant CS","2021","Wales","AA/AO","Female","LGBO","50","[c]","20570","21010"
"New entrant CS","2021","Wales","AA/AO","Female","Undeclared","25","[c]","[c]","[c]"
"New entrant CS","2021","Wales","AA/AO","Female","Unknown","310","[c]","20240","20140"
"New entrant CS","2021","Wales","AA/AO","Male","Heterosexual / straight","365","[c]","20750","21010"
"New entrant CS","2021","Wales","AA/AO","Male","LGBO","45","[c]","20680","21010"
"New entrant CS","2021","Wales","AA/AO","Male","Undeclared","15","[c]","[c]","[c]"
"New entrant CS","2021","Wales","AA/AO","Male","Unknown","280","[c]","20670","20140"
"New entrant CS","2021","Wales","AA/AO","Unknown","Heterosexual / straight","[c]","[c]","[c]","[c]"
"New entrant CS","2021","Wales","AA/AO","Unknown","LGBO","[c]","[c]","[c]","[c]"
"New entrant CS","2021","Wales","AA/AO","Unknown","Unknown","[c]","[c]","[c]","[c]"
"New entrant CS","2021","Wales","EO","Female","Heterosexual / straight","240","[c]","26670","27570"
"New entrant CS","2021","Wales","EO","Female","LGBO","35","[c]","26290","27570"
"New entrant CS","2021","Wales","EO","Female","Undeclared","15","[c]","[c]","[c]"
"New entrant CS","2021","Wales","EO","Female","Unknown","100","[c]","24750","23320"
"New entrant CS","2021","Wales","EO","Male","Heterosexual / straight","175","[c]","26720","27570"
"New entrant CS","2021","Wales","EO","Male","LGBO","25","[c]","[c]","[c]"
"New entrant CS","2021","Wales","EO","Male","Undeclared","10","[c]","[c]","[c]"
"New entrant CS","2021","Wales","EO","Male","Unknown","105","[c]","25220","23320"
"New entrant CS","2021","Wales","EO","Unknown","Heterosexual / straight","5","[c]","[c]","[c]"
"New entrant CS","2021","Wales","EO","Unknown","LGBO","[c]","[c]","[c]","[c]"
"New entrant CS","2021","Wales","EO","Unknown","Unknown","[c]","[c]","[c]","[c]"
"New entrant CS","2021","Wales","G6/G7","Female","Heterosexual / straight","30","[c]","55820","53740"
"New entrant CS","2021","Wales","G6/G7","Female","LGBO","[c]","[c]","[c]","[c]"
"New entrant CS","2021","Wales","G6/G7","Female","Undeclared","[c]","[c]","[c]","[c]"
"New entrant CS","2021","Wales","G6/G7","Female","Unknown","20","[c]","[c]","[c]"
"New entrant CS","2021","Wales","G6/G7","Male","Heterosexual / straight","45","[c]","55870","52260"
"New entrant CS","2021","Wales","G6/G7","Male","LGBO","[c]","[c]","[c]","[c]"
"New entrant CS","2021","Wales","G6/G7","Male","Undeclared","[c]","[c]","[c]","[c]"
"New entrant CS","2021","Wales","G6/G7","Male","Unknown","20","[c]","[c]","[c]"
"New entrant CS","2021","Wales","G6/G7","Unknown","Heterosexual / straight","[c]","[c]","[c]","[c]"
"New entrant CS","2021","Wales","G6/G7","Unknown","LGBO","[c]","[c]","[c]","[c]"
"New entrant CS","2021","Wales","G6/G7","Unknown","Unknown","[c]","[c]","[c]","[c]"
"New entrant CS","2021","Wales","SCS level","Female","Heterosexual / straight","[c]","[c]","[c]","[c]"
"New entrant CS","2021","Wales","SCS level","Female","LGBO","[c]","[c]","[c]","[c]"
"New entrant CS","2021","Wales","SCS level","Female","Undeclared","[c]","[c]","[c]","[c]"
"New entrant CS","2021","Wales","SCS level","Female","Unknown","[c]","[c]","[c]","[c]"
"New entrant CS","2021","Wales","SCS level","Male","Heterosexual / straight","[c]","[c]","[c]","[c]"
"New entrant CS","2021","Wales","SCS level","Male","LGBO","[c]","[c]","[c]","[c]"
"New entrant CS","2021","Wales","SCS level","Male","Undeclared","[c]","[c]","[c]","[c]"
"New entrant CS","2021","Wales","SCS level","Male","Unknown","[c]","[c]","[c]","[c]"
"New entrant CS","2021","Wales","SCS level","Unknown","Heterosexual / straight","[c]","[c]","[c]","[c]"
"New entrant CS","2021","Wales","SCS level","Unknown","LGBO","[c]","[c]","[c]","[c]"
"New entrant CS","2021","Wales","SEO/HEO","Female","Heterosexual / straight","170","[c]","33980","32040"
"New entrant CS","2021","Wales","SEO/HEO","Female","LGBO","15","[c]","[c]","[c]"
"New entrant CS","2021","Wales","SEO/HEO","Female","Undeclared","5","[c]","[c]","[c]"
"New entrant CS","2021","Wales","SEO/HEO","Female","Unknown","70","[c]","31810","29540"
"New entrant CS","2021","Wales","SEO/HEO","Male","Heterosexual / straight","115","[c]","35000","36030"
"New entrant CS","2021","Wales","SEO/HEO","Male","LGBO","20","[c]","[c]","[c]"
"New entrant CS","2021","Wales","SEO/HEO","Male","Undeclared","10","[c]","[c]","[c]"
"New entrant CS","2021","Wales","SEO/HEO","Male","Unknown","85","[c]","34110","31810"
"New entrant CS","2021","Wales","SEO/HEO","Unknown","Heterosexual / straight","[c]","[c]","[c]","[c]"
"New entrant CS","2021","Wales","SEO/HEO","Unknown","LGBO","[c]","[c]","[c]","[c]"
"New entrant CS","2021","Wales","SEO/HEO","Unknown","Unknown","5","[c]","[c]","[c]"
"New entrant CS","2021","Wales","Unknown","Female","Heterosexual / straight","35","[c]","21960","22920"
"New entrant CS","2021","Wales","Unknown","Female","LGBO","[c]","[c]","[c]","[c]"
"New entrant CS","2021","Wales","Unknown","Female","Undeclared","[c]","[c]","[c]","[c]"
"New entrant CS","2021","Wales","Unknown","Female","Unknown","20","[c]","[c]","[c]"
"New entrant CS","2021","Wales","Unknown","Male","Heterosexual / straight","10","[c]","[c]","[c]"
"New entrant CS","2021","Wales","Unknown","Male","LGBO","[c]","[c]","[c]","[c]"
"New entrant CS","2021","Wales","Unknown","Male","Undeclared","[c]","[c]","[c]","[c]"
"New entrant CS","2021","Wales","Unknown","Male","Unknown","[c]","[c]","[c]","[c]"
"New entrant CS","2021","Wales","Unknown","Unknown","Heterosexual / straight","[c]","[c]","[c]","[c]"
"New entrant CS","2021","Wales","Unknown","Unknown","LGBO","[c]","[c]","[c]","[c]"
"New entrant CS","2021","West Midlands (England)","AA/AO","Female","Heterosexual / straight","420","[c]","20740","20920"
"New entrant CS","2021","West Midlands (England)","AA/AO","Female","LGBO","50","[c]","20940","21010"
"New entrant CS","2021","West Midlands (England)","AA/AO","Female","Undeclared","25","[c]","[c]","[c]"
"New entrant CS","2021","West Midlands (England)","AA/AO","Female","Unknown","275","[c]","20440","20140"
"New entrant CS","2021","West Midlands (England)","AA/AO","Male","Heterosexual / straight","340","[c]","21500","21010"
"New entrant CS","2021","West Midlands (England)","AA/AO","Male","LGBO","35","[c]","20690","21010"
"New entrant CS","2021","West Midlands (England)","AA/AO","Male","Undeclared","20","[c]","[c]","[c]"
"New entrant CS","2021","West Midlands (England)","AA/AO","Male","Unknown","220","[c]","20850","20140"
"New entrant CS","2021","West Midlands (England)","AA/AO","Unknown","Heterosexual / straight","[c]","[c]","[c]","[c]"
"New entrant CS","2021","West Midlands (England)","AA/AO","Unknown","LGBO","[c]","[c]","[c]","[c]"
"New entrant CS","2021","West Midlands (England)","EO","Female","Heterosexual / straight","530","[c]","27030","27570"
"New entrant CS","2021","West Midlands (England)","EO","Female","LGBO","40","[c]","26990","27570"
"New entrant CS","2021","West Midlands (England)","EO","Female","Undeclared","20","[c]","[c]","[c]"
"New entrant CS","2021","West Midlands (England)","EO","Female","Unknown","115","[c]","25780","25560"
"New entrant CS","2021","West Midlands (England)","EO","Male","Heterosexual / straight","335","[c]","27100","27570"
"New entrant CS","2021","West Midlands (England)","EO","Male","LGBO","45","[c]","27350","27570"
"New entrant CS","2021","West Midlands (England)","EO","Male","Undeclared","20","[c]","[c]","[c]"
"New entrant CS","2021","West Midlands (England)","EO","Male","Unknown","90","[c]","25560","25560"
"New entrant CS","2021","West Midlands (England)","EO","Unknown","Heterosexual / straight","[c]","[c]","[c]","[c]"
"New entrant CS","2021","West Midlands (England)","EO","Unknown","LGBO","[c]","[c]","[c]","[c]"
"New entrant CS","2021","West Midlands (England)","G6/G7","Female","Heterosexual / straight","55","[c]","54500","49860"
"New entrant CS","2021","West Midlands (England)","G6/G7","Female","LGBO","[c]","[c]","[c]","[c]"
"New entrant CS","2021","West Midlands (England)","G6/G7","Female","Undeclared","5","[c]","[c]","[c]"
"New entrant CS","2021","West Midlands (England)","G6/G7","Female","Unknown","20","[c]","[c]","[c]"
"New entrant CS","2021","West Midlands (England)","G6/G7","Male","Heterosexual / straight","60","[c]","56890","52650"
"New entrant CS","2021","West Midlands (England)","G6/G7","Male","LGBO","[c]","[c]","[c]","[c]"
"New entrant CS","2021","West Midlands (England)","G6/G7","Male","Undeclared","5","[c]","[c]","[c]"
"New entrant CS","2021","West Midlands (England)","G6/G7","Male","Unknown","25","[c]","[c]","[c]"
"New entrant CS","2021","West Midlands (England)","G6/G7","Unknown","Heterosexual / straight","[c]","[c]","[c]","[c]"
"New entrant CS","2021","West Midlands (England)","G6/G7","Unknown","LGBO","[c]","[c]","[c]","[c]"
"New entrant CS","2021","West Midlands (England)","SCS level","Female","Heterosexual / straight","[c]","[c]","[c]","[c]"
"New entrant CS","2021","West Midlands (England)","SCS level","Female","LGBO","[c]","[c]","[c]","[c]"
"New entrant CS","2021","West Midlands (England)","SCS level","Female","Undeclared","[c]","[c]","[c]","[c]"
"New entrant CS","2021","West Midlands (England)","SCS level","Female","Unknown","[c]","[c]","[c]","[c]"
"New entrant CS","2021","West Midlands (England)","SCS level","Male","Heterosexual / straight","5","[c]","[c]","[c]"
"New entrant CS","2021","West Midlands (England)","SCS level","Male","LGBO","[c]","[c]","[c]","[c]"
"New entrant CS","2021","West Midlands (England)","SCS level","Male","Undeclared","[c]","[c]","[c]","[c]"
"New entrant CS","2021","West Midlands (England)","SCS level","Male","Unknown","5","[c]","[c]","[c]"
"New entrant CS","2021","West Midlands (England)","SCS level","Unknown","Heterosexual / straight","[c]","[c]","[c]","[c]"
"New entrant CS","2021","West Midlands (England)","SCS level","Unknown","LGBO","[c]","[c]","[c]","[c]"
"New entrant CS","2021","West Midlands (England)","SEO/HEO","Female","Heterosexual / straight","170","[c]","35550","35900"
"New entrant CS","2021","West Midlands (England)","SEO/HEO","Female","LGBO","10","[c]","[c]","[c]"
"New entrant CS","2021","West Midlands (England)","SEO/HEO","Female","Undeclared","15","[c]","[c]","[c]"
"New entrant CS","2021","West Midlands (England)","SEO/HEO","Female","Unknown","80","[c]","34280","31810"
"New entrant CS","2021","West Midlands (England)","SEO/HEO","Male","Heterosexual / straight","145","[c]","36110","36420"
"New entrant CS","2021","West Midlands (England)","SEO/HEO","Male","LGBO","10","[c]","[c]","[c]"
"New entrant CS","2021","West Midlands (England)","SEO/HEO","Male","Undeclared","10","[c]","[c]","[c]"
"New entrant CS","2021","West Midlands (England)","SEO/HEO","Male","Unknown","70","[c]","34980","32410"
"New entrant CS","2021","West Midlands (England)","SEO/HEO","Unknown","Heterosexual / straight","[c]","[c]","[c]","[c]"
"New entrant CS","2021","West Midlands (England)","SEO/HEO","Unknown","LGBO","[c]","[c]","[c]","[c]"
"New entrant CS","2021","West Midlands (England)","Unknown","Female","Heterosexual / straight","105","[c]","22280","22920"
"New entrant CS","2021","West Midlands (England)","Unknown","Female","LGBO","5","[c]","[c]","[c]"
"New entrant CS","2021","West Midlands (England)","Unknown","Female","Undeclared","[c]","[c]","[c]","[c]"
"New entrant CS","2021","West Midlands (England)","Unknown","Female","Unknown","20","[c]","[c]","[c]"
"New entrant CS","2021","West Midlands (England)","Unknown","Male","Heterosexual / straight","25","[c]","[c]","[c]"
"New entrant CS","2021","West Midlands (England)","Unknown","Male","LGBO","[c]","[c]","[c]","[c]"
"New entrant CS","2021","West Midlands (England)","Unknown","Male","Undeclared","[c]","[c]","[c]","[c]"
"New entrant CS","2021","West Midlands (England)","Unknown","Male","Unknown","15","[c]","[c]","[c]"
"New entrant CS","2021","West Midlands (England)","Unknown","Unknown","Heterosexual / straight","[c]","[c]","[c]","[c]"
"New entrant CS","2021","West Midlands (England)","Unknown","Unknown","LGBO","[c]","[c]","[c]","[c]"
"New entrant CS","2021","Yorkshire and The Humber","AA/AO","Female","Heterosexual / straight","465","[c]","20830","21010"
"New entrant CS","2021","Yorkshire and The Humber","AA/AO","Female","LGBO","55","[c]","20870","21010"
"New entrant CS","2021","Yorkshire and The Humber","AA/AO","Female","Undeclared","30","[c]","20790","21010"
"New entrant CS","2021","Yorkshire and The Humber","AA/AO","Female","Unknown","345","[c]","20720","20600"
"New entrant CS","2021","Yorkshire and The Humber","AA/AO","Male","Heterosexual / straight","405","[c]","21350","21010"
"New entrant CS","2021","Yorkshire and The Humber","AA/AO","Male","LGBO","50","[c]","20790","21010"
"New entrant CS","2021","Yorkshire and The Humber","AA/AO","Male","Undeclared","15","[c]","[c]","[c]"
"New entrant CS","2021","Yorkshire and The Humber","AA/AO","Male","Unknown","410","[c]","21200","20600"
"New entrant CS","2021","Yorkshire and The Humber","AA/AO","Unknown","Heterosexual / straight","[c]","[c]","[c]","[c]"
"New entrant CS","2021","Yorkshire and The Humber","AA/AO","Unknown","LGBO","[c]","[c]","[c]","[c]"
"New entrant CS","2021","Yorkshire and The Humber","EO","Female","Heterosexual / straight","600","[c]","27050","27570"
"New entrant CS","2021","Yorkshire and The Humber","EO","Female","LGBO","60","[c]","26920","27570"
"New entrant CS","2021","Yorkshire and The Humber","EO","Female","Undeclared","35","[c]","26680","27570"
"New entrant CS","2021","Yorkshire and The Humber","EO","Female","Unknown","165","[c]","25630","25560"
"New entrant CS","2021","Yorkshire and The Humber","EO","Male","Heterosexual / straight","430","[c]","27100","27570"
"New entrant CS","2021","Yorkshire and The Humber","EO","Male","LGBO","60","[c]","26830","27570"
"New entrant CS","2021","Yorkshire and The Humber","EO","Male","Undeclared","30","[c]","26840","27570"
"New entrant CS","2021","Yorkshire and The Humber","EO","Male","Unknown","160","[c]","25850","25560"
"New entrant CS","2021","Yorkshire and The Humber","EO","Unknown","Heterosexual / straight","[c]","[c]","[c]","[c]"
"New entrant CS","2021","Yorkshire and The Humber","EO","Unknown","LGBO","[c]","[c]","[c]","[c]"
"New entrant CS","2021","Yorkshire and The Humber","G6/G7","Female","Heterosexual / straight","65","[c]","57230","52970"
"New entrant CS","2021","Yorkshire and The Humber","G6/G7","Female","LGBO","[c]","[c]","[c]","[c]"
"New entrant CS","2021","Yorkshire and The Humber","G6/G7","Female","Undeclared","[c]","[c]","[c]","[c]"
"New entrant CS","2021","Yorkshire and The Humber","G6/G7","Female","Unknown","65","[c]","53820","49530"
"New entrant CS","2021","Yorkshire and The Humber","G6/G7","Male","Heterosexual / straight","80","[c]","56950","55000"
"New entrant CS","2021","Yorkshire and The Humber","G6/G7","Male","LGBO","5","[c]","[c]","[c]"
"New entrant CS","2021","Yorkshire and The Humber","G6/G7","Male","Undeclared","[c]","[c]","[c]","[c]"
"New entrant CS","2021","Yorkshire and The Humber","G6/G7","Male","Unknown","55","[c]","55870","52710"
"New entrant CS","2021","Yorkshire and The Humber","G6/G7","Unknown","Heterosexual / straight","[c]","[c]","[c]","[c]"
"New entrant CS","2021","Yorkshire and The Humber","G6/G7","Unknown","LGBO","[c]","[c]","[c]","[c]"
"New entrant CS","2021","Yorkshire and The Humber","SCS level","Female","Heterosexual / straight","[c]","[c]","[c]","[c]"
"New entrant CS","2021","Yorkshire and The Humber","SCS level","Female","LGBO","[c]","[c]","[c]","[c]"
"New entrant CS","2021","Yorkshire and The Humber","SCS level","Female","Undeclared","[c]","[c]","[c]","[c]"
"New entrant CS","2021","Yorkshire and The Humber","SCS level","Female","Unknown","[c]","[c]","[c]","[c]"
"New entrant CS","2021","Yorkshire and The Humber","SCS level","Male","Heterosexual / straight","5","[c]","[c]","[c]"
"New entrant CS","2021","Yorkshire and The Humber","SCS level","Male","LGBO","[c]","[c]","[c]","[c]"
"New entrant CS","2021","Yorkshire and The Humber","SCS level","Male","Undeclared","[c]","[c]","[c]","[c]"
"New entrant CS","2021","Yorkshire and The Humber","SCS level","Male","Unknown","10","[c]","[c]","[c]"
"New entrant CS","2021","Yorkshire and The Humber","SCS level","Unknown","Heterosexual / straight","[c]","[c]","[c]","[c]"
"New entrant CS","2021","Yorkshire and The Humber","SCS level","Unknown","LGBO","[c]","[c]","[c]","[c]"
"New entrant CS","2021","Yorkshire and The Humber","SEO/HEO","Female","Heterosexual / straight","235","[c]","33190","31990"
"New entrant CS","2021","Yorkshire and The Humber","SEO/HEO","Female","LGBO","40","[c]","31880","30990"
"New entrant CS","2021","Yorkshire and The Humber","SEO/HEO","Female","Undeclared","20","[c]","[c]","[c]"
"New entrant CS","2021","Yorkshire and The Humber","SEO/HEO","Female","Unknown","150","[c]","32170","30990"
"New entrant CS","2021","Yorkshire and The Humber","SEO/HEO","Male","Heterosexual / straight","180","[c]","33950","32830"
"New entrant CS","2021","Yorkshire and The Humber","SEO/HEO","Male","LGBO","20","[c]","[c]","[c]"
"New entrant CS","2021","Yorkshire and The Humber","SEO/HEO","Male","Undeclared","10","[c]","[c]","[c]"
"New entrant CS","2021","Yorkshire and The Humber","SEO/HEO","Male","Unknown","120","[c]","32630","31810"
"New entrant CS","2021","Yorkshire and The Humber","SEO/HEO","Unknown","Heterosexual / straight","[c]","[c]","[c]","[c]"
"New entrant CS","2021","Yorkshire and The Humber","SEO/HEO","Unknown","LGBO","[c]","[c]","[c]","[c]"
"New entrant CS","2021","Yorkshire and The Humber","SEO/HEO","Unknown","Unknown","[c]","[c]","[c]","[c]"
"New entrant CS","2021","Yorkshire and The Humber","Unknown","Female","Heterosexual / straight","55","[c]","22640","22920"
"New entrant CS","2021","Yorkshire and The Humber","Unknown","Female","LGBO","5","[c]","[c]","[c]"
"New entrant CS","2021","Yorkshire and The Humber","Unknown","Female","Undeclared","[c]","[c]","[c]","[c]"
"New entrant CS","2021","Yorkshire and The Humber","Unknown","Female","Unknown","30","[c]","[c]","[c]"
"New entrant CS","2021","Yorkshire and The Humber","Unknown","Male","Heterosexual / straight","15","[c]","[c]","[c]"
"New entrant CS","2021","Yorkshire and The Humber","Unknown","Male","LGBO","[c]","[c]","[c]","[c]"
"New entrant CS","2021","Yorkshire and The Humber","Unknown","Male","Undeclared","[c]","[c]","[c]","[c]"
"New entrant CS","2021","Yorkshire and The Humber","Unknown","Male","Unknown","10","[c]","[c]","[c]"
"New entrant CS","2021","Yorkshire and The Humber","Unknown","Unknown","Heterosexual / straight","[c]","[c]","[c]","[c]"
"New entrant CS","2021","Yorkshire and The Humber","Unknown","Unknown","LGBO","[c]","[c]","[c]","[c]"
"Notes","Summary figures are suppressed when information relates to less than 5 civil servants for FTE or Headcount, and less than 10 civil servants for median and mean salary (shown as [c]). Zero responses and salaries for less than 30 civil servants have been suppressed for GPDR special category data. FTE figures are not shown for entrants or leavers due to data quality concerns for these groups. Figures are rounded to the nearest 5, or £10 as appropriate.","","","","","","","",""
"Data source","All figures are aggregated from the Cabinet Office Annual Civil Service Employment Survey collection. https://www.gov.uk/government/collections/civil-service-statistics","","","","","","","",""
"Version","Generated on 2023-02-17, with GIT 71a76ea.","","","","","","","",""
"Data column","Description","","","","","","","",""
"Status","Employment status of the civil servants.","","","","","","","",""
"","In post - includes staff that were in post on the reference date (31 March).","","","","","","","",""
"","New entrant CS - includes new entrants to the Civil Service over the year (1 April to 31 March).","","","","","","","",""
"","Leaver CS - includes leavers from the Civil Service over the year (1 April to 31 March). This includes employees who have an Unknown leaving cause.","","","","","","","",""
"","Leaver Dept. - includes leavers from the department over the year (1 April to 31 March), who did not leave the Civil Service.","","","","","","","",""
"","Five organisations do not report when their employees first entered the Civil Service and so entrants data for these organisations is not available . These are as follows: Foreign Commonwealth and Development Office (excl. agencies), Foreign Commonwealth and Development Office Services, Defence Electronics and Components Agency, Scottish Forestry and Forest and Land Scotland. A further three organisations also could not provide entrants data in 2021. These are as follows: Department for International Development, Foreign and Commonwealth Office (excl. agencies) and Royal Fleet Auxiliary.","","","","","","","",""
"Year","Year of data collection (as at 31 March).","","","","","","","",""
"Responsibility_level_grouped","With the exception of the centrally managed Senior Civil Service, government departments have delegated pay and grading. For statistical purposes departments are asked to map their grades to a common framework by responsibility level.","","","","","","","",""
"","This table shows staff in their substantive responsibility level unless on temporary promotion in which case staff are recorded at the higher responsibility level.","","","","","","","",""
"","Responsibility_level_grouped combines the mapped grades into five broad responsibility levels. This is the headline measure for responsibility level for the Civil Service and is consistent with the published National Statistics.","","","","","","","",""
"Region_ITL1","Workplace postcode data are used to derive geographical information using the International Territorial Level (ITL) classification standard.","","","","","","","",""
"","Following the UK's withdrawal from the EU, a new UK-managed international statistical geography - International Territorial Levels (ITL) - was introduced from 1st January 2021, replacing the former NUTS classification. They align with international standards, enabling comparability both over time and internationally. To ensure continued alignment, the ITLs mirror the NUTS system. They also follow a similar review timetable - every three years.","","","","","","","",""
"","ITL 1 divides into Wales, Scotland, Northern Ireland, and the 9 statistical regions of England.","","","","","","","",""
"Sex","Self reported sex.","","","","","","","",""
"","""Unknown"" accounts for employees who were recorded with an unknown sex.","","","","","","","",""
"Sexual_orientation","Self reported sexual orientation.","","","","","","","",""
"","""Undeclared"" accounts for employees who have actively declared that they do not want to disclose their sexual orientation and ""Unknown"" accounts for employees who have not made an active declaration about their sexual orientation.","","","","","","","",""
"Headcount","Total number of civil servants (rounded to nearest 5).","","","","","","","",""
"FTE","Total full-time equivalent (FTE) employment numbers (rounded to nearest 5).","","","","","","","",""
"","FTE figures are not shown for entrants or leavers due to data quality concerns for these groups.","","","","","","","",""
"Mean_salary","Average salary (mean, rounded to nearest £10). For part-time employees, salaries represent the full-time equivalent earnings, while for full-time employees they are the actual annual gross salaries.","","","","","","","",""
"","These figures should be interpreted with caution when the total number of employees in a group is small, as they will tend to show more variability than larger groups (i.e. may be much higher or lower than can be explained by the data shown).","","","","","","","",""
"Median_salary","Median salary (rounded to nearest £10). For part-time employees, salaries represent the full-time equivalent earnings, while for full-time employees they are the actual annual gross salaries.","","","","","","","",""
"","These figures should be interpreted with caution when the total number of employees in a group is small, as they will tend to show more variability than larger groups (i.e. may be much higher or lower than can be explained by the data shown).","","","","","","","",""
